
wait(0.016666666666667)
script.Archivable = false
Effects = {}
local Player = game.Players.localPlayer
local Character = Player.Character
local Humanoid = Character.Humanoid
local mouse = Player:GetMouse()
local m = Instance.new("Model", Character)
m.Name = "WeaponModel"
local effect = Instance.new("Model", Character)
effect.Name = "effecsfsafzx"
local demon = Instance.new("Model", Character)
demon.Name = "demdemd"
local LeftArm = Character["Left Arm"]
local RightArm = Character["Right Arm"]
local LeftLeg = Character["Left Leg"]
local RightLeg = Character["Right Leg"]
local do2target = nil
local Head = Character.Head
local Torso = Character.Torso
local cam = game.Workspace.CurrentCamera
local RootPart = Character.HumanoidRootPart
local RootJoint = RootPart.RootJoint
local equipped = false
local attack = false
local Anim = "Idle"
local idle = 0
local attacktype = 1
local Torsovelocity = RootPart.Velocity * Vector3.new(1, 0, 1).magnitude
local velocity = RootPart.Velocity.y
local sine = 0
local change = 1
local mana = 0
local it = Instance.new
vt = Vector3.new
local grabbed = false
local cf = CFrame.new
local mr = math.rad
local angles = CFrame.Angles
local ud = UDim2.new
local c3 = Color3.new
local NeckCF = cf(0, 1, 0, -1, 0, 0, 0, 0, 1, 0, 1, 0)
Humanoid.Animator:Destroy()
Character.Animate:Destroy()
local RootCF = CFrame.fromEulerAnglesXYZ(-1.57, 0, 3.14)
local RHCF = CFrame.fromEulerAnglesXYZ(0, 1.6, 0)
local LHCF = (CFrame.fromEulerAnglesXYZ(0, -1.6, 0))
RSH = nil
RW = Instance.new("Weld")
LW = Instance.new("Weld")
RH = Torso["Right Hip"]
LH = Torso["Left Hip"]
RSH = Torso["Right Shoulder"]
LSH = Torso["Left Shoulder"]
RSH.Parent = nil
LSH.Parent = nil
RW.Name = "RW"
RW.Part0 = Torso
RW.C0 = cf(1.5, 0.5, 0)
RW.C1 = cf(0, 0.5, 0)
RW.Part1 = RightArm
RW.Parent = Torso
LW.Name = "LW"
LW.Part0 = Torso
LW.C0 = cf(-1.5, 0.5, 0)
LW.C1 = cf(0, 0.5, 0)
LW.Part1 = LeftArm
LW.Parent = Torso
clerp = function(a, b, t)
  
  return a:lerp(b, t)
end

local RbxUtility = LoadLibrary("RbxUtility")
local Create = RbxUtility.Create
RemoveOutlines = function(part)
  
  part.TopSurface = 10
end

CreatePart = function(Parent, Material, Reflectance, Transparency, BColor, Name, Size)
  
  local Part = Create("Part")({Parent = Parent, Reflectance = Reflectance, Transparency = Transparency, CanCollide = false, Locked = true, BrickColor = BrickColor.new(tostring(BColor)), Name = Name, Size = Size, Material = Material})
  RemoveOutlines(Part)
  return Part
end

CreateMesh = function(Mesh, Part, MeshType, MeshId, OffSet, Scale)
  
  local Msh = Create(Mesh)({Parent = Part, Offset = OffSet, Scale = Scale})
  if Mesh == "SpecialMesh" then
    Msh.MeshType = MeshType
    Msh.MeshId = MeshId
  end
  return Msh
end

local co1 = 3
local co2 = 10
local co3 = 15
local co4 = 30
local cooldown1 = 0
local cooldown2 = 0
local cooldown3 = 0
local cooldown4 = 0
local maxEnergy = 100
local Energy = 0
local skill1stam = 10
local skill2stam = 50
local skill3stam = 60
local skill4stam = 100
local recovermana = 5
local skillcolorscheme = BrickColor.new("Magenta").Color
local scrn = Instance.new("ScreenGui", Player.PlayerGui)
makeframe = function(par, trans, pos, size, color)
  
  local frame = Instance.new("Frame", par)
  frame.BackgroundTransparency = trans
  frame.BorderSizePixel = 0
  frame.Position = pos
  frame.Size = size
  frame.BackgroundColor3 = color
  return frame
end

makelabel = function(par, text)
  
  local label = Instance.new("TextLabel", par)
  label.BackgroundTransparency = 1
  label.Size = UDim2.new(1, 0, 1, 0)
  label.Position = UDim2.new(0, 0, 0, 0)
  label.TextColor3 = Color3.new(255, 255, 255)
  label.TextStrokeTransparency = 0
  label.FontSize = Enum.FontSize.Size32
  label.Font = Enum.Font.SourceSansLight
  label.BorderSizePixel = 0
  label.TextScaled = true
  label.Text = text
end

framesk1 = makeframe(scrn, 0.5, UDim2.new(0.8, 0, 0.93, 0), UDim2.new(0.16, 0, 0.06, 0), skillcolorscheme)
framesk2 = makeframe(scrn, 0.5, UDim2.new(0.8, 0, 0.86, 0), UDim2.new(0.16, 0, 0.06, 0), skillcolorscheme)
framesk3 = makeframe(scrn, 0.5, UDim2.new(0.8, 0, 0.79, 0), UDim2.new(0.16, 0, 0.06, 0), skillcolorscheme)
framesk4 = makeframe(scrn, 0.5, UDim2.new(0.8, 0, 0.72, 0), UDim2.new(0.16, 0, 0.06, 0), skillcolorscheme)
bar1 = makeframe(framesk1, 0, UDim2.new(0, 0, 0, 0), UDim2.new(1, 0, 1, 0), skillcolorscheme)
bar2 = makeframe(framesk2, 0, UDim2.new(0, 0, 0, 0), UDim2.new(1, 0, 1, 0), skillcolorscheme)
bar3 = makeframe(framesk3, 0, UDim2.new(0, 0, 0, 0), UDim2.new(1, 0, 1, 0), skillcolorscheme)
bar4 = makeframe(framesk4, 0, UDim2.new(0, 0, 0, 0), UDim2.new(1, 0, 1, 0), skillcolorscheme)
text1 = makelabel(framesk1, "[z] Hunt")
text2 = makelabel(framesk2, "[x] Ravage")
text3 = makelabel(framesk3, "[c] Capture")
text4 = makelabel(framesk4, "[v] Flower of Fear")
ArtificialHB = Instance.new("BindableEvent", script)
ArtificialHB.Name = "Heartbeat"
script:WaitForChild("Heartbeat")
frame = 0.033333333333333
tf = 0
allowframeloss = false
tossremainder = false
lastframe = tick()
script.Heartbeat:Fire()
game:GetService("RunService").Heartbeat:connect(function(s, p)
  
  tf = tf + s
  if frame <= tf then
    if allowframeloss then
      script.Heartbeat:Fire()
      lastframe = tick()
    else
      for i = 1, math.floor(tf / frame) do
        script.Heartbeat:Fire()
      end
      lastframe = tick()
    end
    if tossremainder then
      tf = 0
    else
      tf = tf - frame * math.floor(tf / frame)
    end
  end
end
)
swait = function(num)
  
  if num == 0 or num == nil then
    ArtificialHB.Event:wait()
  else
    for i = 0, num do
      ArtificialHB.Event:wait()
    end
  end
end

CreateWeld = function(Parent, Part0, Part1, C0, C1)
  
  local Weld = Create("Weld")({Parent = Parent, Part0 = Part0, Part1 = Part1, C0 = C0, C1 = C1})
  return Weld
end

rayCast = function(Position, Direction, Range, Ignore)
  
  return game:service("Workspace"):FindPartOnRay(Ray.new(Position, Direction.unit * (Range or 999.999)), Ignore)
end

CreateSound = function(id, par, vol, pit)
  
  coroutine.resume(coroutine.create(function()
    
    local sou = Instance.new("Sound", par or workspace)
    sou.Volume = vol
    sou.Pitch = pit or 1
    sou.SoundId = id
    swait()
    sou:play()
    game:GetService("Debris"):AddItem(sou, 6)
  end
))
end

local getclosest = function(obj, distance)
  
  local last, lastx = distance + 1, nil
  for i,v in pairs(workspace:GetChildren()) do
    if v:IsA("Model") and v ~= Character and v:findFirstChild("Humanoid") and v:findFirstChild("Torso") and v:findFirstChild("Humanoid").Health > 0 then
      local t = v.Torso
      local dist = t.Position - obj.Position.magnitude
      if dist <= distance and dist < last then
        last = dist
        lastx = v
      end
    end
  end
  return lastx
end

CreatePart2 = function(Parent, Material, Reflectance, Transparency, PartType, BColor, Name, Size)
  
  if PartType == "Part" then
    local Part = Create("Part")({Parent = Parent, Reflectance = Reflectance, Transparency = Transparency, CanCollide = false, Locked = true, BrickColor = BrickColor.new(tostring(BColor)), Name = Name, Size = Size, Material = Material})
    RemoveOutlines(Part)
    return Part
  else
    do
      if PartType == "WedgePart" then
        local Part = Create("WedgePart")({Parent = Parent, Reflectance = Reflectance, Transparency = Transparency, CanCollide = false, Locked = true, BrickColor = BrickColor.new(tostring(BColor)), Name = Name, Size = Size, Material = Material})
        RemoveOutlines(Part)
        return Part
      end
    end
  end
end

Handle = CreatePart(m, Enum.Material.SmoothPlastic, 0, 1, "Dirt brown", "Handle", Vector3.new(1, 2, 1))
HandleWeld = CreateWeld(m, Character["Right Arm"], Handle, CFrame.new(0, 0, 0, 1, 0, 0, 0, 1, 0, 0, 0, 1), CFrame.new(0, 0, 0, 1, 0, 0, 0, 1, 0, 0, 0, 1))
Claw = CreatePart2(m, Enum.Material.Neon, 0.30000001192093, 0, "Part", "Hot pink", "Claw", Vector3.new(1, 1, 1))
ClawWeld = CreateWeld(m, Handle, Claw, CFrame.new(0, 0, 0, 1, 0, 0, 0, 1, 0, 0, 0, 1), CFrame.new(0.0142869996, -0.598956585, -0.401195407, 0, 0, 1, 0.25881803, -0.965926111, 0, 0.965926111, 0.25881803, 0))
CreateMesh("SpecialMesh", Claw, Enum.MeshType.FileMesh, "http://www.roblox.com/Asset/?id=9756362", Vector3.new(0, 0, 0), Vector3.new(1, 0.709999979, 0.150000006))
Claw = CreatePart2(m, Enum.Material.Neon, 0.30000001192093, 0, "Part", "Hot pink", "Claw", Vector3.new(1, 1, 1))
ClawWeld = CreateWeld(m, Handle, Claw, CFrame.new(0, 0, 0, 1, 0, 0, 0, 1, 0, 0, 0, 1), CFrame.new(0.858075142, -0.276378155, -0.49209857, 0.353552133, -0.866025269, 0.353555113, 0.707108736, -9.03335206e-07, -0.707104981, 0.612371027, 0.500000358, 0.61237365))
CreateMesh("SpecialMesh", Claw, Enum.MeshType.FileMesh, "http://www.roblox.com/Asset/?id=9756362", Vector3.new(0, 0, 0), Vector3.new(1, 0.709999979, 0.100000001))
Claw = CreatePart2(m, Enum.Material.Neon, 0.30000001192093, 0, "Part", "Hot pink", "Claw", Vector3.new(1, 1, 1))
ClawWeld = CreateWeld(m, Handle, Claw, CFrame.new(0, 0, 0, 1, 0, 0, 0, 1, 0, 0, 0, 1), CFrame.new(0.0142959999, -0.79026103, -0.577523232, 0, 0, 1, 0.0581610166, -0.998307228, 0, 0.998307228, 0.0581610166, 0))
CreateMesh("SpecialMesh", Claw, Enum.MeshType.FileMesh, "http://www.roblox.com/Asset/?id=9756362", Vector3.new(0, 0, 0), Vector3.new(0.400000006, 1, 0.100000001))
Claw = CreatePart2(m, Enum.Material.Neon, 0.30000001192093, 0, "Part", "Hot pink", "Claw", Vector3.new(1, 1, 1))
ClawWeld = CreateWeld(m, Handle, Claw, CFrame.new(0, 0, 0, 1, 0, 0, 0, 1, 0, 0, 0, 1), CFrame.new(0.857914209, 0.258751988, -0.512362957, 0.353553236, -0.866025567, -0.353553236, -0.707106471, 3.09715034e-07, -0.707107246, 0.612372994, 0.499999791, -0.6123721))
CreateMesh("SpecialMesh", Claw, Enum.MeshType.FileMesh, "http://www.roblox.com/Asset/?id=9756362", Vector3.new(0, 0, 0), Vector3.new(1, 0.709999979, 0.100000001))
ClawMaterial = CreatePart2(m, Enum.Material.SmoothPlastic, 0.30000001192093, 0, "Part", "Hot pink", "ClawMaterial", Vector3.new(0.210449979, 0.210449979, 0.200000003))
ClawMaterialWeld = CreateWeld(m, Handle, ClawMaterial, CFrame.new(0, 0, 0, 1, 0, 0, 0, 1, 0, 0, 0, 1), CFrame.new(0.508293927, 0.581420183, 0.355297565, -1, 0, 0, 0, -0.694275975, -0.719708979, 0, -0.719708979, 0.694275975))
CreateMesh("BlockMesh", ClawMaterial, "", "", Vector3.new(0, 0, 0), Vector3.new(0.207726225, 0.473494887, 1))
ClawMaterial = CreatePart2(m, Enum.Material.SmoothPlastic, 0.30000001192093, 0, "Part", "Hot pink", "ClawMaterial", Vector3.new(0.210449979, 0.210449979, 0.200000003))
ClawMaterialWeld = CreateWeld(m, Handle, ClawMaterial, CFrame.new(0, 0, 0, 1, 0, 0, 0, 1, 0, 0, 0, 1), CFrame.new(-0.508293927, -0.605236769, -0.322324991, 1, 0, 0, 0, 0.719708979, -0.694275975, 0, 0.694275975, 0.719708979))
CreateMesh("BlockMesh", ClawMaterial, "", "", Vector3.new(0, 0, 0), Vector3.new(0.207726225, 0.473494887, 1))
ClawMaterial = CreatePart2(m, Enum.Material.SmoothPlastic, 0.30000001192093, 0, "Part", "Hot pink", "ClawMaterial", Vector3.new(0.210449979, 0.210449979, 0.200000003))
ClawMaterialWeld = CreateWeld(m, Handle, ClawMaterial, CFrame.new(0, 0, 0, 1, 0, 0, 0, 1, 0, 0, 0, 1), CFrame.new(-0.508293927, 0.0117408261, -0.729162693, 1, 0, 0, 0, -0.0252030101, -0.999682367, 0, 0.999682367, -0.0252030101))
CreateMesh("BlockMesh", ClawMaterial, "", "", Vector3.new(0, 0, 0), Vector3.new(0.208000004, 0.47299999, 0.47299999))
ClawMaterial = CreatePart2(m, Enum.Material.SmoothPlastic, 0.30000001192093, 0, "Part", "Hot pink", "ClawMaterial", Vector3.new(0.210449979, 0.210449979, 1.04200566))
ClawMaterialWeld = CreateWeld(m, Handle, ClawMaterial, CFrame.new(0, 0, 0, 1, 0, 0, 0, 1, 0, 0, 0, 1), CFrame.new(-0.123879015, -0.278857708, -0.00617899979, 0.965925336, -0.2588211, 0, 0.2588211, 0.965925336, 0, 0, 0, 1))
CreateMesh("BlockMesh", ClawMaterial, "", "", Vector3.new(0, 0, 0), Vector3.new(0.821169853, 0.388499111, 1.00999999))
ClawMaterial = CreatePart2(m, Enum.Material.SmoothPlastic, 0.30000001192093, 0, "Part", "Hot pink", "ClawMaterial", Vector3.new(0.445813209, 0.210449979, 1.04200566))
ClawMaterialWeld = CreateWeld(m, Handle, ClawMaterial, CFrame.new(0, 0, 0, 1, 0, 0, 0, 1, 0, 0, 0, 1), CFrame.new(-0.223450184, 0.0305250883, -0.00618699985, -0.25881803, 0.965926111, 0, -0.965926111, -0.25881803, 0, 0, 0, 1))
CreateMesh("BlockMesh", ClawMaterial, "", "", Vector3.new(0, 0, 0), Vector3.new(1, 0.388499111, 1.00999999))
ClawMaterial = CreatePart2(m, Enum.Material.SmoothPlastic, 0.30000001192093, 0, "Part", "Hot pink", "ClawMaterial", Vector3.new(0.210449979, 0.210449979, 1.04200566))
ClawMaterialWeld = CreateWeld(m, Handle, ClawMaterial, CFrame.new(0, 0, 0, 1, 0, 0, 0, 1, 0, 0, 0, 1), CFrame.new(0.407537222, 0.0663063526, -0.00618699985, 0.707106352, -0.707107365, 0, 0.707107365, 0.707106352, 0, 0, 0, 1))
CreateMesh("BlockMesh", ClawMaterial, "", "", Vector3.new(0, 0, 0), Vector3.new(0.821169853, 0.388499111, 1.00999999))
ClawMaterial = CreatePart2(m, Enum.Material.SmoothPlastic, 0.30000001192093, 0, "Part", "Hot pink", "ClawMaterial", Vector3.new(0.664211631, 0.210449979, 1.04200566))
ClawMaterialWeld = CreateWeld(m, Handle, ClawMaterial, CFrame.new(0, 0, 0, 1, 0, 0, 0, 1, 0, 0, 0, 1), CFrame.new(0.0544009209, 0.0101571083, -0.00617499975, 0.499998987, 0.866025984, 0, -0.866025984, 0.499998987, 0, 0, 0, 1))
CreateMesh("BlockMesh", ClawMaterial, "", "", Vector3.new(0, 0, 0), Vector3.new(1, 0.388499111, 1.00999999))
ClawMaterial = CreatePart2(m, Enum.Material.SmoothPlastic, 0.30000001192093, 0, "Part", "Hot pink", "ClawMaterial", Vector3.new(0.210449979, 0.210449979, 1.04200566))
ClawMaterialWeld = CreateWeld(m, Handle, ClawMaterial, CFrame.new(0, 0, 0, 1, 0, 0, 0, 1, 0, 0, 0, 1), CFrame.new(-0.212381959, -0.663311005, -0.00618499983, 1, 0, 0, 0, 1, 0, 0, 0, 1))
CreateMesh("BlockMesh", ClawMaterial, "", "", Vector3.new(0, 0, 0), Vector3.new(0.730365157, 0.388499111, 1.00999999))
ClawMaterial = CreatePart2(m, Enum.Material.SmoothPlastic, 0.30000001192093, 0, "Part", "Hot pink", "ClawMaterial", Vector3.new(0.210449979, 0.210449979, 1.04200566))
ClawMaterialWeld = CreateWeld(m, Handle, ClawMaterial, CFrame.new(0, 0, 0, 1, 0, 0, 0, 1, 0, 0, 0, 1), CFrame.new(0.0184851885, 0.339620829, -0.0061809998, 0.715359032, -0.698757052, 0, 0.698757052, 0.715359032, 0, 0, 0, 1))
CreateMesh("BlockMesh", ClawMaterial, "", "", Vector3.new(0, 0, 0), Vector3.new(0.834142029, 0.388499111, 1.00999999))
ClawMaterial = CreatePart2(m, Enum.Material.SmoothPlastic, 0.30000001192093, 0, "Part", "Hot pink", "ClawMaterial", Vector3.new(0.627083898, 0.210449979, 1.04200566))
ClawMaterialWeld = CreateWeld(m, Handle, ClawMaterial, CFrame.new(0, 0, 0, 1, 0, 0, 0, 1, 0, 0, 0, 1), CFrame.new(-0.280005217, -0.363016367, -0.00617299974, 0.707106352, 0.707107365, 0, -0.707107365, 0.707106352, 0, 0, 0, 1))
CreateMesh("BlockMesh", ClawMaterial, "", "", Vector3.new(0, 0, 0), Vector3.new(1, 0.388499111, 1.00999999))
ClawMaterial = CreatePart2(m, Enum.Material.SmoothPlastic, 0.30000001192093, 0, "Part", "Hot pink", "ClawMaterial", Vector3.new(0.210449979, 0.210449979, 0.329999983))
ClawMaterialWeld = CreateWeld(m, Handle, ClawMaterial, CFrame.new(0, 0, 0, 1, 0, 0, 0, 1, 0, 0, 0, 1), CFrame.new(-0.508293927, 0.00543988496, -0.414242506, 1, 0, 0, 0, -0.0252030101, -0.999682367, 0, 0.999682367, -0.0252030101))
CreateMesh("BlockMesh", ClawMaterial, "", "", Vector3.new(0, 0, 0), Vector3.new(0.207726225, 0.473494887, 1))
ClawMaterial = CreatePart2(m, Enum.Material.SmoothPlastic, 0.30000001192093, 0, "Part", "Hot pink", "ClawMaterial", Vector3.new(0.210449979, 0.210449979, 1.04200566))
ClawMaterialWeld = CreateWeld(m, Handle, ClawMaterial, CFrame.new(0, 0, 0, 1, 0, 0, 0, 1, 0, 0, 0, 1), CFrame.new(0.453824013, -0.291407824, -0.00616900017, 1, 0, 0, 0, 1, 0, 0, 0, 1))
CreateMesh("BlockMesh", ClawMaterial, "", "", Vector3.new(0, 0, 0), Vector3.new(0.83414197, 0.388499111, 1.00999999))
Part = CreatePart2(m, Enum.Material.SmoothPlastic, 0, 0, "Part", "Really black", "Part", Vector3.new(0.210449979, 0.210449979, 0.210450009))
PartWeld = CreateWeld(m, Handle, Part, CFrame.new(0, 0, 0, 1, 0, 0, 0, 1, 0, 0, 0, 1), CFrame.new(-0.51018995, -0.50767684, 0.297928989, 1, 0, 0, 0, 1, 0, 0, 0, 1))
CreateMesh("BlockMesh", Part, "", "", Vector3.new(0, 0, 0), Vector3.new(0.225887179, 0.543544471, 0.369591445))
Part = CreatePart2(m, Enum.Material.SmoothPlastic, 0, 0, "Part", "Really black", "Part", Vector3.new(0.210449979, 0.210449979, 0.796189725))
PartWeld = CreateWeld(m, Handle, Part, CFrame.new(0, 0, 0, 1, 0, 0, 0, 1, 0, 0, 0, 1), CFrame.new(0.0117785633, -0.903934956, 0.39272213, 0.707106352, 0, 0.707107365, 0, 1, 0, -0.707107365, 0, 0.707106352))
CreateMesh("BlockMesh", Part, "", "", Vector3.new(0, 0, 0), Vector3.new(0.961425304, 0.961427808, 1))
Part = CreatePart2(m, Enum.Material.SmoothPlastic, 0, 0, "Part", "Really black", "Part", Vector3.new(0.210449979, 0.210449979, 0.210450009))
PartWeld = CreateWeld(m, Handle, Part, CFrame.new(0, 0, 0, 1, 0, 0, 0, 1, 0, 0, 0, 1), CFrame.new(-0.51076597, -0.677359819, -0.295575023, 1, 0, 0, 0, 1, 0, 0, 0, 1))
CreateMesh("BlockMesh", Part, "", "", Vector3.new(0, 0, 0), Vector3.new(0.231076032, 0.543544471, 0.369591445))
Part = CreatePart2(m, Enum.Material.SmoothPlastic, 0, 0, "Part", "Really black", "Part", Vector3.new(0.210449979, 0.210449979, 0.524428368))
PartWeld = CreateWeld(m, Handle, Part, CFrame.new(0, 0, 0, 1, 0, 0, 0, 1, 0, 0, 0, 1), CFrame.new(0.0118038058, 0.689624906, 0.570050001, 0.707103848, 0, 0.707109809, -0.707109809, 0, 0.707103848, 0, -1, 0))
CreateMesh("BlockMesh", Part, "", "", Vector3.new(0, 0, 0), Vector3.new(0.961425304, 0.961427808, 1))
Part = CreatePart2(m, Enum.Material.SmoothPlastic, 0, 0, "Part", "Really black", "Part", Vector3.new(0.210449979, 0.210449979, 0.210450009))
PartWeld = CreateWeld(m, Handle, Part, CFrame.new(0, 0, 0, 1, 0, 0, 0, 1, 0, 0, 0, 1), CFrame.new(-0.510767996, -0.508222818, -0.295575023, 1, 0, 0, 0, 1, 0, 0, 0, 1))
CreateMesh("BlockMesh", Part, "", "", Vector3.new(0, 0, 0), Vector3.new(0.231076032, 0.543544471, 0.369591445))
Part = CreatePart2(m, Enum.Material.SmoothPlastic, 0, 0, "Part", "Really black", "Part", Vector3.new(0.210449979, 0.210449979, 1.06329954))
PartWeld = CreateWeld(m, Handle, Part, CFrame.new(0, 0, 0, 1, 0, 0, 0, 1, 0, 0, 0, 1), CFrame.new(-0.285520971, -0.664801836, -0.00591700012, 1, 0, 0, 0, 1, 0, 0, 0, 1))
CreateMesh("BlockMesh", Part, "", "", Vector3.new(0, 0, 0), Vector3.new(0.311503083, 0.543544471, 1))
Part = CreatePart2(m, Enum.Material.SmoothPlastic, 0, 0, "Part", "Really black", "Part", Vector3.new(0.728394926, 0.35408181, 1.04200566))
PartWeld = CreateWeld(m, Handle, Part, CFrame.new(0, 0, 0, 1, 0, 0, 0, 1, 0, 0, 0, 1), CFrame.new(-0.159419954, -0.695495844, -0.00616900017, 1, 0, 0, 0, 1, 0, 0, 0, 1))
CreateMesh("BlockMesh", Part, "", "", Vector3.new(0, 0, 0), Vector3.new(1, 1, 1))
Part = CreatePart2(m, Enum.Material.SmoothPlastic, 0, 0, "Part", "Black", "Part", Vector3.new(0.796342552, 0.65287286, 1.04582763))
PartWeld = CreateWeld(m, Handle, Part, CFrame.new(0, 0, 0, 1, 0, 0, 0, 1, 0, 0, 0, 1), CFrame.new(0.144507021, 0.270431995, -0.00702500017, 1, 0, 0, 0, 1, 0, 0, 0, 1))
CreateMesh("BlockMesh", Part, "", "", Vector3.new(0, 0, 0), Vector3.new(1, 1, 1))
Part = CreatePart2(m, Enum.Material.SmoothPlastic, 0, 0, "Part", "Really black", "Part", Vector3.new(0.210449979, 0.210449979, 1.04200566))
PartWeld = CreateWeld(m, Handle, Part, CFrame.new(0, 0, 0, 1, 0, 0, 0, 1, 0, 0, 0, 1), CFrame.new(0.0228680372, -0.903097868, -0.00617699977, 1, 0, 0, 0, 1, 0, 0, 0, 1))
CreateMesh("BlockMesh", Part, "", "", Vector3.new(0, 0, 0), Vector3.new(0.961425304, 0.961427808, 1))
Part = CreatePart2(m, Enum.Material.SmoothPlastic, 0, 0, "Part", "Really black", "Part", Vector3.new(0.210449979, 0.210449979, 0.210450009))
PartWeld = CreateWeld(m, Handle, Part, CFrame.new(0, 0, 0, 1, 0, 0, 0, 1, 0, 0, 0, 1), CFrame.new(-0.51076597, -0.157143831, -0.295579016, 1, 0, 0, 0, 1, 0, 0, 0, 1))
CreateMesh("BlockMesh", Part, "", "", Vector3.new(0, 0, 0), Vector3.new(0.231076032, 0.543544471, 0.369591445))
Part = CreatePart2(m, Enum.Material.SmoothPlastic, 0, 0, "Part", "Really black", "Part", Vector3.new(0.475480139, 0.404664904, 1.04200566))
PartWeld = CreateWeld(m, Handle, Part, CFrame.new(0, 0, 0, 1, 0, 0, 0, 1, 0, 0, 0, 1), CFrame.new(-0.236273766, -0.56151557, -0.0061809998, 0.707106352, 0.707107365, 0, -0.707107365, 0.707106352, 0, 0, 0, 1))
CreateMesh("BlockMesh", Part, "", "", Vector3.new(0, 0, 0), Vector3.new(1, 1, 1))
Part = CreatePart2(m, Enum.Material.SmoothPlastic, 0, 0, "Part", "Really black", "Part", Vector3.new(0.210449979, 0.210449979, 0.796189725))
PartWeld = CreateWeld(m, Handle, Part, CFrame.new(0, 0, 0, 1, 0, 0, 0, 1, 0, 0, 0, 1), CFrame.new(-0.000811070204, -0.902295828, 0.381639034, -0.707106829, 0, 0.707106829, 0, 1, 0, -0.707106829, 0, -0.707106829))
CreateMesh("BlockMesh", Part, "", "", Vector3.new(0, 0, 0), Vector3.new(0.961425304, 0.961427808, 1))
Part = CreatePart2(m, Enum.Material.Neon, 0, 0, "Part", "Black", "Part", Vector3.new(1, 1, 1))
PartWeld = CreateWeld(m, Handle, Part, CFrame.new(0, 0, 0, 1, 0, 0, 0, 1, 0, 0, 0, 1), CFrame.new(0.0142869996, -0.618730307, -0.382281303, 0, 0, 1, 0.36670509, -0.93033725, 0, 0.93033725, 0.36670509, 0))
CreateMesh("SpecialMesh", Part, Enum.MeshType.FileMesh, "http://www.roblox.com/Asset/?id=9756362", Vector3.new(0, 0, 0), Vector3.new(0.5, 0.709999979, 0.100000001))
Part = CreatePart2(m, Enum.Material.SmoothPlastic, 0, 0, "Part", "Really black", "Part", Vector3.new(0.210449979, 0.210449979, 0.524428368))
PartWeld = CreateWeld(m, Handle, Part, CFrame.new(0, 0, 0, 1, 0, 0, 0, 1, 0, 0, 0, 1), CFrame.new(-0.000812500715, 0.678554535, 0.570062876, -0.707106829, 0, 0.707106829, -0.707106829, 0, -0.707106829, 0, -1, 0))
CreateMesh("BlockMesh", Part, "", "", Vector3.new(0, 0, 0), Vector3.new(0.961425304, 0.961427808, 1))
Part = CreatePart2(m, Enum.Material.SmoothPlastic, 0, 0, "Part", "Black", "Part", Vector3.new(0.274916351, 0.495625556, 1.04582763))
PartWeld = CreateWeld(m, Handle, Part, CFrame.new(0, 0, 0, 1, 0, 0, 0, 1, 0, 0, 0, 1), CFrame.new(-0.386464, 0.349603176, -0.00702300016, 1, 0, 0, 0, 1, 0, 0, 0, 1))
CreateMesh("BlockMesh", Part, "", "", Vector3.new(0, 0, 0), Vector3.new(1, 1, 1))
Part = CreatePart2(m, Enum.Material.SmoothPlastic, 0, 0, "Part", "Really black", "Part", Vector3.new(0.210449979, 0.210449979, 1.06329954))
PartWeld = CreateWeld(m, Handle, Part, CFrame.new(0, 0, 0, 1, 0, 0, 0, 1, 0, 0, 0, 1), CFrame.new(-0.285515964, -0.215442896, -0.00591900013, 1, 0, 0, 0, 1, 0, 0, 0, 1))
CreateMesh("BlockMesh", Part, "", "", Vector3.new(0, 0, 0), Vector3.new(0.311503083, 0.543544471, 1))
Part = CreatePart2(m, Enum.Material.SmoothPlastic, 0, 0, "Part", "Really black", "Part", Vector3.new(0.210449979, 0.210449979, 0.210450009))
PartWeld = CreateWeld(m, Handle, Part, CFrame.new(0, 0, 0, 1, 0, 0, 0, 1, 0, 0, 0, 1), CFrame.new(-0.51019901, -0.156597853, 0.297930986, 1, 0, 0, 0, 1, 0, 0, 0, 1))
CreateMesh("BlockMesh", Part, "", "", Vector3.new(0, 0, 0), Vector3.new(0.225887179, 0.543544471, 0.369591445))
Part = CreatePart2(m, Enum.Material.SmoothPlastic, 0, 0, "Part", "Really black", "Part", Vector3.new(1.06224263, 1.11860847, 1.04200566))
PartWeld = CreateWeld(m, Handle, Part, CFrame.new(0, 0, 0, 1, 0, 0, 0, 1, 0, 0, 0, 1), CFrame.new(0.00774800777, 0.0171630383, -0.0061809998, 1, 0, 0, 0, 1, 0, 0, 0, 1))
CreateMesh("BlockMesh", Part, "", "", Vector3.new(0, 0, 0), Vector3.new(1, 1, 1))
Part = CreatePart2(m, Enum.Material.SmoothPlastic, 0, 0, "Part", "Really black", "Part", Vector3.new(0.210449979, 0.210449979, 0.210450009))
PartWeld = CreateWeld(m, Handle, Part, CFrame.new(0, 0, 0, 1, 0, 0, 0, 1, 0, 0, 0, 1), CFrame.new(-0.510194004, -0.67681098, 0.297922999, 1, 0, 0, 0, 1, 0, 0, 0, 1))
CreateMesh("BlockMesh", Part, "", "", Vector3.new(0, 0, 0), Vector3.new(0.225887179, 0.543544471, 0.369591445))
ClawMaterial = CreatePart2(m, Enum.Material.SmoothPlastic, 0.30000001192093, 0, "WedgePart", "Hot pink", "ClawMaterial", Vector3.new(1.0507766, 0.342107773, 0.210450009))
ClawMaterialWeld = CreateWeld(m, Handle, ClawMaterial, CFrame.new(0, 0, 0, 1, 0, 0, 0, 1, 0, 0, 0, 1), CFrame.new(-0.00591100007, -0.468749046, 0.193565369, 0, 0, 1, -0.700001419, -0.714141428, 0, 0.714141428, -0.700001419, 0))
CreateMesh("SpecialMesh", ClawMaterial, Enum.MeshType.Wedge, "", Vector3.new(0, 0, 0), Vector3.new(1, 1, 0.961421788))
Part = CreatePart2(m, Enum.Material.SmoothPlastic, 0, 0, "WedgePart", "Really black", "Part", Vector3.new(0.210449979, 0.210449979, 0.210450009))
PartWeld = CreateWeld(m, Handle, Part, CFrame.new(0, 0, 0, 1, 0, 0, 0, 1, 0, 0, 0, 1), CFrame.new(0.00134065747, 0.207813978, 0.709334135, 0.707106829, 0, -0.707106829, 0, -1, 0, -0.707106829, 0, -0.707106829))
CreateMesh("SpecialMesh", Part, Enum.MeshType.Wedge, "", Vector3.new(0, 0, 0), Vector3.new(0.961425304, 0.961427808, 0.961421788))
Part = CreatePart2(m, Enum.Material.SmoothPlastic, 0, 0, "WedgePart", "Black", "Part", Vector3.new(1.05023062, 0.210449979, 0.210450009))
PartWeld = CreateWeld(m, Handle, Part, CFrame.new(0, 0, 0, 1, 0, 0, 0, 1, 0, 0, 0, 1), CFrame.new(-0.00947299972, -0.114370823, -0.440932035, 0, 0, 1, 0, 1, 0, -1, 0, 0))
CreateMesh("SpecialMesh", Part, Enum.MeshType.Wedge, "", Vector3.new(0, 0, 0), Vector3.new(1, 0.561885834, 0.961421788))
Part = CreatePart2(m, Enum.Material.SmoothPlastic, 0, 0, "WedgePart", "Black", "Part", Vector3.new(1.05023062, 0.411995441, 0.210450009))
PartWeld = CreateWeld(m, Handle, Part, CFrame.new(0, 0, 0, 1, 0, 0, 0, 1, 0, 0, 0, 1), CFrame.new(-0.00891099963, -0.798730135, 0.476718009, 0, 0, 1, 0, -1, 0, 1, 0, 0))
CreateMesh("SpecialMesh", Part, Enum.MeshType.Wedge, "", Vector3.new(0, 0, 0), Vector3.new(1, 1, 0.644903481))
Part = CreatePart2(m, Enum.Material.SmoothPlastic, 0, 0, "WedgePart", "Black", "Part", Vector3.new(1.04586256, 0.210449979, 0.27767837))
PartWeld = CreateWeld(m, Handle, Part, CFrame.new(0, 0, 0, 1, 0, 0, 0, 1, 0, 0, 0, 1), CFrame.new(-0.00726700015, 0.0232260227, 0.391721964, 0, 0, 1, 0, 1, 0, -1, 0, 0))
CreateMesh("SpecialMesh", Part, Enum.MeshType.Wedge, "", Vector3.new(0, 0, 0), Vector3.new(1, 0.764251173, 1))
Part = CreatePart2(m, Enum.Material.SmoothPlastic, 0, 0, "WedgePart", "Black", "Part", Vector3.new(1.05023062, 0.385787576, 0.210450009))
PartWeld = CreateWeld(m, Handle, Part, CFrame.new(0, 0, 0, 1, 0, 0, 0, 1, 0, 0, 0, 1), CFrame.new(0.00509499991, -0.792718172, 0.456955969, 0, 0, -1, 0, -1, 0, -1, 0, 0))
CreateMesh("SpecialMesh", Part, Enum.MeshType.Wedge, "", Vector3.new(0, 0, 0), Vector3.new(1, 1, 0.644903481))
Part = CreatePart2(m, Enum.Material.SmoothPlastic, 0, 0, "WedgePart", "Black", "Part", Vector3.new(1.05023062, 0.210449979, 0.210450009))
PartWeld = CreateWeld(m, Handle, Part, CFrame.new(0, 0, 0, 1, 0, 0, 0, 1, 0, 0, 0, 1), CFrame.new(0.00509600015, -0.696686029, 0.42363596, 0, 0, -1, 0, -1, 0, -1, 0, 0))
CreateMesh("SpecialMesh", Part, Enum.MeshType.Wedge, "", Vector3.new(0, 0, 0), Vector3.new(1, 0.961427808, 0.961421788))
Part = CreatePart2(m, Enum.Material.SmoothPlastic, 0, 0, "WedgePart", "Really black", "Part", Vector3.new(0.210449979, 0.210449979, 0.210450009))
PartWeld = CreateWeld(m, Handle, Part, CFrame.new(0, 0, 0, 1, 0, 0, 0, 1, 0, 0, 0, 1), CFrame.new(-0.012203753, 0.206679821, 0.707822442, -0.707106352, 0, -0.707107365, 0, -1, 0, -0.707107365, 0, 0.707106352))
CreateMesh("SpecialMesh", Part, Enum.MeshType.Wedge, "", Vector3.new(0, 0, 0), Vector3.new(0.961425304, 0.961427808, 0.961421788))
Part = CreatePart2(m, Enum.Material.SmoothPlastic, 0, 0, "WedgePart", "Black", "Part", Vector3.new(1.05023062, 0.210449979, 0.210450009))
PartWeld = CreateWeld(m, Handle, Part, CFrame.new(0, 0, 0, 1, 0, 0, 0, 1, 0, 0, 0, 1), CFrame.new(-0.00947900023, -0.695355177, 0.440928012, 0, 0, 1, 0, -1, 0, 1, 0, 0))
CreateMesh("SpecialMesh", Part, Enum.MeshType.Wedge, "", Vector3.new(0, 0, 0), Vector3.new(1, 0.961427808, 0.961421788))
MotorOne = CreatePart(m, Enum.Material.Neon, 0.30000001192093, 1, "Hot pink", "MotorOne", Vector3.new(0.200000003, 0.200000003, 0.200000003))
MotorOneWeld = CreateWeld(m, Handle, MotorOne, CFrame.new(0, 0, 0, 1, 0, 0, 0, 1, 0, 0, 0, 1), CFrame.new(0.165818453, -0.00628910959, -0.978227913, -0.0732169896, -0.996971905, -0.0261989962, -0.542171299, 0.0618378855, -0.83798945, 0.837072074, -0.0471507274, -0.545057178))
Shard = CreatePart2(m, Enum.Material.Neon, 0.30000001192093, 0, "Part", "Hot pink", "Shard", Vector3.new(1, 1, 1))
ShardWeld = CreateWeld(m, MotorOne, Shard, CFrame.new(0, 0, 0, 1, 0, 0, 0, 1, 0, 0, 0, 1), CFrame.new(-0.413149118, -0.00709122419, -1.08955288, 0.90752846, 5.51342964e-07, -0.419990718, -1.73971057e-06, 1, -2.44379044e-06, 0.419990718, 2.95042992e-06, 0.90752852))
CreateMesh("SpecialMesh", Shard, Enum.MeshType.FileMesh, "http://www.roblox.com/Asset/?id=9756362", Vector3.new(0, 0, 0), Vector3.new(1.20000005, 0.200000003, 0.200000003))
Shard = CreatePart2(m, Enum.Material.Neon, 0.30000001192093, 0, "Part", "Hot pink", "Shard", Vector3.new(1, 1, 1))
ShardWeld = CreateWeld(m, MotorOne, Shard, CFrame.new(0, 0, 0, 1, 0, 0, 0, 1, 0, 0, 0, 1), CFrame.new(-0.205875158, -0.00710588694, -1.48987699, 0.747897685, -5.36441803e-07, -0.663814127, -1.66893005e-06, 1, -2.68220901e-06, 0.663814127, 3.12924385e-06, 0.747897744))
CreateMesh("SpecialMesh", Shard, Enum.MeshType.FileMesh, "http://www.roblox.com/Asset/?id=9756362", Vector3.new(0, 0, 0), Vector3.new(0.800000012, 0.200000003, 0.200000003))
Part = CreatePart2(m, Enum.Material.SmoothPlastic, 0, 0, "WedgePart", "Really black", "Part", Vector3.new(0.329999983, 1.28999996, 0.319999993))
PartWeld = CreateWeld(m, MotorOne, Part, CFrame.new(0, 0, 0, 1, 0, 0, 0, 1, 0, 0, 0, 1), CFrame.new(-0.0151987076, 0.549069643, -0.614215612, -1.19581819e-06, 1, 1.37090683e-06, -0.999459982, -1.24052167e-06, 0.0328635052, 0.0328635164, -1.31130219e-06, 0.999459982))
Part = CreatePart2(m, Enum.Material.SmoothPlastic, 0, 0, "WedgePart", "Really black", "Part", Vector3.new(0.329999983, 2.73999977, 0.339999974))
PartWeld = CreateWeld(m, MotorOne, Part, CFrame.new(0, 0, 0, 1, 0, 0, 0, 1, 0, 0, 0, 1), CFrame.new(-0.0151856542, -0.490994453, -0.295432806, -1.19581819e-06, 1, 1.37090683e-06, -0.961226821, -7.5250864e-07, -0.27575928, -0.27575931, -1.57952309e-06, 0.96122694))
Part = CreatePart2(m, Enum.Material.SmoothPlastic, 0, 0, "WedgePart", "Really black", "Part", Vector3.new(0.329999983, 1.28999996, 0.479999989))
PartWeld = CreateWeld(m, MotorOne, Part, CFrame.new(0, 0, 0, 1, 0, 0, 0, 1, 0, 0, 0, 1), CFrame.new(-0.015198648, 0.650615692, -0.406500697, -1.19581819e-06, 1, 1.37090683e-06, -0.978774786, -8.94069672e-07, -0.204939544, -0.204939514, -1.51991844e-06, 0.978774667))
Part = CreatePart2(m, Enum.Material.SmoothPlastic, 0, 0, "WedgePart", "Really black", "Part", Vector3.new(0.329999983, 1.28999996, 0.339999974))
PartWeld = CreateWeld(m, MotorOne, Part, CFrame.new(0, 0, 0, 1, 0, 0, 0, 1, 0, 0, 0, 1), CFrame.new(-0.0152282119, 0.624634504, 0.129744053, -1.19581819e-06, 1, 1.37090683e-06, -0.832109034, -2.5331974e-07, -0.554612279, -0.554612339, -1.78813934e-06, 0.832108974))
Part = CreatePart2(m, Enum.Material.SmoothPlastic, 0, 0, "WedgePart", "Really black", "Part", Vector3.new(0.329999983, 1.03999996, 0.480000019))
PartWeld = CreateWeld(m, MotorOne, Part, CFrame.new(0, 0, 0, 1, 0, 0, 0, 1, 0, 0, 0, 1), CFrame.new(0.0152042508, 0.944105864, 0.894237399, 1.19581819e-06, -1, -1.37090683e-06, -0.999459982, -1.24052167e-06, 0.0328635052, -0.0328635164, 1.31130219e-06, -0.999459982))
Claw = CreatePart2(m, Enum.Material.Neon, 0.30000001192093, 0, "Part", "Hot pink", "Claw", Vector3.new(1, 1, 1))
ClawWeld = CreateWeld(m, MotorOne, Claw, CFrame.new(0, 0, 0, 1, 0, 0, 0, 1, 0, 0, 0, 1), CFrame.new(-1.86121058, -0.0170745254, -0.650540829, 1.00000012, 0, 3.7252903e-09, 0, 1, 0, 3.7252903e-09, 0, 1.00000024))
CreateMesh("SpecialMesh", Claw, Enum.MeshType.FileMesh, "http://www.roblox.com/Asset/?id=9756362", Vector3.new(0, 0, 0), Vector3.new(2.5, 0.300000012, 0.519999981))
Part = CreatePart2(m, Enum.Material.SmoothPlastic, 0, 0, "WedgePart", "Really black", "Part", Vector3.new(0.329999983, 0.370000005, 0.200000003))
PartWeld = CreateWeld(m, MotorOne, Part, CFrame.new(0, 0, 0, 1, 0, 0, 0, 1, 0, 0, 0, 1), CFrame.new(-0.0151966214, -1.64906764, 1.03426063, -1.19581819e-06, 1, 1.37090683e-06, 0.999459982, 1.24052167e-06, -0.0328635052, -0.0328635164, 1.31130219e-06, -0.999459982))
Part = CreatePart2(m, Enum.Material.SmoothPlastic, 0, 0, "WedgePart", "Really black", "Part", Vector3.new(0.329999983, 0.200000003, 0.200000003))
PartWeld = CreateWeld(m, MotorOne, Part, CFrame.new(0, 0, 0, 1, 0, 0, 0, 1, 0, 0, 0, 1), CFrame.new(0.0252064466, -1.54980397, -0.844281435, 1.19581819e-06, -1, -1.37090683e-06, 0.999459982, 1.24052167e-06, -0.0328635052, 0.0328635164, -1.31130219e-06, 0.999459982))
MotorTwo = CreatePart(m, Enum.Material.Neon, 0.30000001192093, 1, "Hot pink", "MotorTwo", Vector3.new(0.200000003, 0.200000003, 0.200000003))
MotorTwoWeld = CreateWeld(m, Handle, MotorTwo, CFrame.new(0, 0, 0, 1, 0, 0, 0, 1, 0, 0, 0, 1), CFrame.new(0.0479729176, -0.503670454, -0.786706924, 0.0261989962, -0.996971905, -0.0732169896, 0.83798945, 0.0618378855, -0.542171299, 0.545057178, -0.0471507274, 0.837072074))
Shard = CreatePart2(m, Enum.Material.Neon, 0.30000001192093, 0, "Part", "Hot pink", "Shard", Vector3.new(1, 1, 1))
ShardWeld = CreateWeld(m, MotorTwo, Shard, CFrame.new(0, 0, 0, 1, 0, 0, 0, 1, 0, 0, 0, 1), CFrame.new(-0.413152218, -0.00709152222, -1.08955348, 0.90752846, 5.66244125e-07, -0.419990689, -1.74157321e-06, 1, -2.47359276e-06, 0.419990718, 2.98023224e-06, 0.907528639))
CreateMesh("SpecialMesh", Shard, Enum.MeshType.FileMesh, "http://www.roblox.com/Asset/?id=9756362", Vector3.new(0, 0, 0), Vector3.new(1.20000005, 0.200000003, 0.200000003))
Shard = CreatePart2(m, Enum.Material.Neon, 0.30000001192093, 0, "Part", "Hot pink", "Shard", Vector3.new(1, 1, 1))
ShardWeld = CreateWeld(m, MotorTwo, Shard, CFrame.new(0, 0, 0, 1, 0, 0, 0, 1, 0, 0, 0, 1), CFrame.new(-0.20587635, -0.00710582733, -1.4898783, 0.747897685, -5.36441803e-07, -0.663814127, -1.6707927e-06, 1, -2.68220901e-06, 0.663814127, 3.12924385e-06, 0.747897804))
CreateMesh("SpecialMesh", Shard, Enum.MeshType.FileMesh, "http://www.roblox.com/Asset/?id=9756362", Vector3.new(0, 0, 0), Vector3.new(0.800000012, 0.200000003, 0.200000003))
Part = CreatePart2(m, Enum.Material.SmoothPlastic, 0, 0, "WedgePart", "Really black", "Part", Vector3.new(0.329999983, 1.28999996, 0.319999993))
PartWeld = CreateWeld(m, MotorTwo, Part, CFrame.new(0, 0, 0, 1, 0, 0, 0, 1, 0, 0, 0, 1), CFrame.new(-0.0151982307, 0.549069643, -0.614216566, -1.19395554e-06, 1, 1.37090683e-06, -0.999459982, -1.24005601e-06, 0.0328635052, 0.0328635164, -1.31130219e-06, 0.999459982))
Part = CreatePart2(m, Enum.Material.SmoothPlastic, 0, 0, "WedgePart", "Really black", "Part", Vector3.new(0.329999983, 2.73999977, 0.339999974))
PartWeld = CreateWeld(m, MotorTwo, Part, CFrame.new(0, 0, 0, 1, 0, 0, 0, 1, 0, 0, 0, 1), CFrame.new(-0.0151848793, -0.490990877, -0.295432806, -1.19395554e-06, 1, 1.37090683e-06, -0.961226821, -7.74860382e-07, -0.27575931, -0.27575925, -1.63912773e-06, 0.961226881))
Part = CreatePart2(m, Enum.Material.SmoothPlastic, 0, 0, "WedgePart", "Really black", "Part", Vector3.new(0.329999983, 1.28999996, 0.479999989))
PartWeld = CreateWeld(m, MotorTwo, Part, CFrame.new(0, 0, 0, 1, 0, 0, 0, 1, 0, 0, 0, 1), CFrame.new(-0.0151979923, 0.650617838, -0.406501412, -1.19395554e-06, 1, 1.37090683e-06, -0.978774786, -8.94069672e-07, -0.204939544, -0.204939514, -1.51991844e-06, 0.978774667))
Part = CreatePart2(m, Enum.Material.SmoothPlastic, 0, 0, "WedgePart", "Really black", "Part", Vector3.new(0.329999983, 1.28999996, 0.339999974))
PartWeld = CreateWeld(m, MotorTwo, Part, CFrame.new(0, 0, 0, 1, 0, 0, 0, 1, 0, 0, 0, 1), CFrame.new(-0.0152257681, 0.624636889, 0.129745722, -1.19395554e-06, 1, 1.37090683e-06, -0.832109034, -2.38418579e-07, -0.554612279, -0.554612339, -1.78813934e-06, 0.832108974))
Part = CreatePart2(m, Enum.Material.SmoothPlastic, 0, 0, "WedgePart", "Really black", "Part", Vector3.new(0.329999983, 1.03999996, 0.480000019))
PartWeld = CreateWeld(m, MotorTwo, Part, CFrame.new(0, 0, 0, 1, 0, 0, 0, 1, 0, 0, 0, 1), CFrame.new(0.015203476, 0.944107533, 0.894238472, 1.19395554e-06, -1, -1.37090683e-06, -0.999459982, -1.24005601e-06, 0.0328635052, -0.0328635164, 1.31130219e-06, -0.999459982))
Claw = CreatePart2(m, Enum.Material.Neon, 0.30000001192093, 0, "Part", "Hot pink", "Claw", Vector3.new(1, 1, 1))
ClawWeld = CreateWeld(m, MotorTwo, Claw, CFrame.new(0, 0, 0, 1, 0, 0, 0, 1, 0, 0, 0, 1), CFrame.new(-1.86121142, -0.0170750618, -0.650540113, 1.00000012, -1.86264515e-09, 4.65661287e-09, -1.86264515e-09, 1, 0, 4.65661287e-09, 0, 1.00000024))
CreateMesh("SpecialMesh", Claw, Enum.MeshType.FileMesh, "http://www.roblox.com/Asset/?id=9756362", Vector3.new(0, 0, 0), Vector3.new(2.5, 0.300000012, 0.519999981))
CreatePart2(m, Enum.Material.SmoothPlastic, 0, 0, "WedgePart", "Really black", "Part", Vector3.new(0.329999983, 0.370000005, 0.200000003))
PartWeld = CreateWeld(m, MotorTwo, Part, CFrame.new(0, 0, 0, 1, 0, 0, 0, 1, 0, 0, 0, 1), CFrame.new(-0.0151972771, -1.64906967, 1.03426158, -1.19395554e-06, 1, 1.37090683e-06, 0.999459982, 1.24005601e-06, -0.0328635052, -0.0328635164, 1.31130219e-06, -0.999459982))
CreatePart2(m, Enum.Material.SmoothPlastic, 0, 0, "WedgePart", "Really black", "Part", Vector3.new(0.329999983, 0.200000003, 0.200000003))
PartWeld = CreateWeld(m, MotorTwo, Part, CFrame.new(0, 0, 0, 1, 0, 0, 0, 1, 0, 0, 0, 1), CFrame.new(0.0252062082, -1.54980803, -0.844281912, 1.19395554e-06, -1, -1.37090683e-06, 0.999459982, 1.24005601e-06, -0.0328635052, 0.0328635164, -1.31130219e-06, 0.999459982))
MotorThumb = CreatePart(m, Enum.Material.Neon, 0.30000001192093, 0, "Hot pink", "MotorThumb", Vector3.new(0.200000003, 0.200000003, 0.200000003))
MotorThumbWeld = CreateWeld(m, Handle, MotorThumb, CFrame.new(0, 0, 0, 1, 0, 0, 0, 1, 0, 0, 0, 1), CFrame.new(-0.436262846, -0.542311668, -0.983556807, -0.068211019, -0.995336354, 0.0682120249, -0.707106829, -7.08211871e-07, -0.707106709, 0.703809023, -0.0964656472, -0.703809083))
Claw = CreatePart2(m, Enum.Material.Neon, 0.30000001192093, 0, "Part", "Hot pink", "Claw", Vector3.new(1, 1, 1))
ClawWeld = CreateWeld(m, MotorThumb, Claw, CFrame.new(0, 0, 0, 1, 0, 0, 0, 1, 0, 0, 0, 1), CFrame.new(-0.607737899, 0.0110911727, 0.0515184402, 0.925057888, -4.47034836e-08, 0.379826128, -5.96046448e-08, 0.99999994, 2.68220901e-07, -0.379826188, -2.98023224e-07, 0.925057888))
CreateMesh("SpecialMesh", Claw, Enum.MeshType.FileMesh, "http://www.roblox.com/Asset/?id=9756362", Vector3.new(0, 0, 0), Vector3.new(2, 0.300000012, 0.370000005))
Shard = CreatePart2(m, Enum.Material.Neon, 0.30000001192093, 0, "Part", "Hot pink", "Shard", Vector3.new(1, 1, 1))
ShardWeld = CreateWeld(m, MotorThumb, Shard, CFrame.new(0, 0, 0, 1, 0, 0, 0, 1, 0, 0, 0, 1), CFrame.new(0.414689064, 0.0210665464, 0.175723732, 0.990283549, 1.41561031e-06, -0.13906303, -1.4193356e-06, 0.99999994, 1.49011612e-07, 0.13906303, 8.94069672e-08, 0.990283489))
CreateMesh("SpecialMesh", Shard, Enum.MeshType.FileMesh, "http://www.roblox.com/Asset/?id=9756362", Vector3.new(0, 0, 0), Vector3.new(0.800000012, 0.200000003, 0.200000003))
Shard = CreatePart2(m, Enum.Material.Neon, 0.30000001192093, 0, "Part", "Hot pink", "Shard", Vector3.new(1, 1, 1))
