wait(0.016666666666667)
Effects = {}
local Player = game.Players.localPlayer
local Character = Player.Character
local Humanoid = Character.Humanoid
local mouse = Player:GetMouse()
local m = Instance.new("Model", Character)
m.Name = "WeaponModel"
local effect = Instance.new("Model", Character)
effect.Name = "Effect"
ShootEffects = {}
local LeftArm = Character["Left Arm"]
local RightArm = Character["Right Arm"]
local LeftLeg = Character["Left Leg"]
local RightLeg = Character["Right Leg"]
local Head = Character.Head
local Torso = Character.Torso
local cam = game.Workspace.CurrentCamera
local RootPart = Character.HumanoidRootPart
local RootJoint = RootPart.RootJoint
local equipped = false
local attack = false
local Anim = "Idle"
local idle = 0
local attacktype = 1
local Torsovelocity = RootPart.Velocity * Vector3.new(1, 0, 1).magnitude
local velocity = RootPart.Velocity.y
local sine = 0
local change = 1
local mana = 0
local it = Instance.new
local vt = Vector3.new
local grabbed = false
local cf = CFrame.new
local mr = math.rad
local angles = CFrame.Angles
local ud = UDim2.new
local c3 = Color3.new
local hikyu = {}
local hikyuwelds = {}
local demon = false
local NeckCF = cf(0, 1, 0, -1, 0, 0, 0, 0, 1, 0, 1, 0)
local RootCF = CFrame.fromEulerAnglesXYZ(-1.57, 0, 3.14)
local RHCF = CFrame.fromEulerAnglesXYZ(0, 1.6, 0)
local LHCF = (CFrame.fromEulerAnglesXYZ(0, -1.6, 0))
RSH = nil
RW = Instance.new("Weld")
LW = Instance.new("Weld")
RH = Torso["Right Hip"]
LH = Torso["Left Hip"]
RSH = Torso["Right Shoulder"]
LSH = Torso["Left Shoulder"]
RSH.Parent = nil
LSH.Parent = nil
RW.Name = "RW"
RW.Part0 = Torso
RW.C0 = cf(1.5, 0.5, 0)
RW.C1 = cf(0, 0.5, 0)
RW.Part1 = RightArm
RW.Parent = Torso
LW.Name = "LW"
LW.Part0 = Torso
LW.C0 = cf(-1.5, 0.5, 0)
LW.C1 = cf(0, 0.5, 0)
LW.Part1 = LeftArm
LW.Parent = Torso
clerp = function(a, b, t)
  return a:lerp(b, t)
end

local co1 = 10
local co2 = 20
local co3 = 15
local co4 = 100
local cooldown1 = 0
local cooldown2 = 0
local cooldown3 = 0
local cooldown4 = 0
local maxEnergy = 100
local Energy = 0
local skill1stam = 10
local skill2stam = 50
local skill3stam = 60
local skill4stam = 100
local recovermana = 5
local skillcolorscheme = BrickColor.new("Magenta").Color
local scrn = Instance.new("ScreenGui", Player.PlayerGui)
makeframe = function(par, trans, pos, size, color)
  local frame = Instance.new("Frame", par)
  frame.BackgroundTransparency = trans
  frame.BorderSizePixel = 0
  frame.Position = pos
  frame.Size = size
  frame.BackgroundColor3 = color
  return frame
end

makelabel = function(par, text)
  local label = Instance.new("TextLabel", par)
  label.BackgroundTransparency = 1
  label.Size = UDim2.new(1, 0, 1, 0)
  label.Position = UDim2.new(0, 0, 0, 0)
  label.TextColor3 = Color3.new(255, 255, 255)
  label.TextStrokeTransparency = 0
  label.FontSize = Enum.FontSize.Size32
  label.Font = Enum.Font.SourceSansBold
  label.BorderSizePixel = 0
  label.TextScaled = true
  label.Text = text
end

framesk1 = makeframe(scrn, 0.5, UDim2.new(0.8, 0, 0.85, 0), UDim2.new(0.16, 0, 0.1, 0), skillcolorscheme)
framesk2 = makeframe(scrn, 0.5, UDim2.new(0.8, 0, 0.74, 0), UDim2.new(0.16, 0, 0.1, 0), skillcolorscheme)
framesk3 = makeframe(scrn, 0.5, UDim2.new(0.8, 0, 0.63, 0), UDim2.new(0.16, 0, 0.1, 0), skillcolorscheme)
framesk4 = makeframe(scrn, 0.5, UDim2.new(0.8, 0, 0.52, 0), UDim2.new(0.16, 0, 0.1, 0), skillcolorscheme)
bar1 = makeframe(framesk1, 0, UDim2.new(0, 0, 0, 0), UDim2.new(1, 0, 1, 0), skillcolorscheme)
bar2 = makeframe(framesk2, 0, UDim2.new(0, 0, 0, 0), UDim2.new(1, 0, 1, 0), skillcolorscheme)
bar3 = makeframe(framesk3, 0, UDim2.new(0, 0, 0, 0), UDim2.new(1, 0, 1, 0), skillcolorscheme)
bar4 = makeframe(framesk4, 0, UDim2.new(0, 0, 0, 0), UDim2.new(1, 0, 1, 0), skillcolorscheme)
text1 = Instance.new("TextLabel", framesk1)
text1.BackgroundTransparency = 1
text1.Size = UDim2.new(1, 0, 1, 0)
text1.Position = UDim2.new(0, 0, 0, 0)
text1.TextColor3 = Color3.new(255, 255, 255)
text1.TextStrokeTransparency = 0
text1.FontSize = Enum.FontSize.Size18
text1.Font = Enum.Font.SourceSansBold
text1.BorderSizePixel = 0
text1.TextScaled = true
text1.Text = "[Z]\n Dragon Zen"
text2 = Instance.new("TextLabel", framesk2)
text2.BackgroundTransparency = 1
text2.Size = UDim2.new(1, 0, 1, 0)
text2.Position = UDim2.new(0, 0, 0, 0)
text2.TextColor3 = Color3.new(255, 255, 255)
text2.TextStrokeTransparency = 0
text2.FontSize = Enum.FontSize.Size18
text2.Font = Enum.Font.SourceSansBold
text2.BorderSizePixel = 0
text2.TextScaled = true
text2.Text = "[X]\n Dragon Charge"
text3 = Instance.new("TextLabel", framesk3)
text3.BackgroundTransparency = 1
text3.Size = UDim2.new(1, 0, 1, 0)
text3.Position = UDim2.new(0, 0, 0, 0)
text3.TextColor3 = Color3.new(255, 255, 255)
text3.TextStrokeTransparency = 0
text3.FontSize = Enum.FontSize.Size18
text3.Font = Enum.Font.SourceSansBold
text3.BorderSizePixel = 0
text3.TextScaled = false
text3.Text = "[C]\n Shadowblast"
text4 = Instance.new("TextLabel", framesk4)
text4.BackgroundTransparency = 1
text4.Size = UDim2.new(1, 0, 1, 0)
text4.Position = UDim2.new(0, 0, 0, 0)
text4.TextColor3 = Color3.new(255, 255, 255)
text4.TextStrokeTransparency = 0
text4.FontSize = Enum.FontSize.Size18
text4.Font = Enum.Font.SourceSansBold
text4.BorderSizePixel = 0
text4.TextScaled = true
text4.Text = "[V]\n Devil Trigger"
local RbxUtility = LoadLibrary("RbxUtility")
local Create = RbxUtility.Create
RemoveOutlines = function(part)
  part.TopSurface = 10
end

CreatePart = function(Parent, Material, Reflectance, Transparency, BColor, Name, Size)
  local Part = Create("Part")({Parent = Parent, Reflectance = Reflectance, Transparency = Transparency, CanCollide = false, Locked = true, BrickColor = BrickColor.new(tostring(BColor)), Name = Name, Size = Size, Material = Material})
  RemoveOutlines(Part)
  return Part
end

CreateMesh = function(Mesh, Part, MeshType, MeshId, OffSet, Scale)
  local Msh = Create(Mesh)({Parent = Part, Offset = OffSet, Scale = Scale})
  if Mesh == "SpecialMesh" then
    Msh.MeshType = MeshType
    Msh.MeshId = MeshId
  end
  return Msh
end

ArtificialHB = Instance.new("BindableEvent", script)
ArtificialHB.Name = "Heartbeat"
script:WaitForChild("Heartbeat")
frame = 0.033333333333333
tf = 0
allowframeloss = false
tossremainder = false
lastframe = tick()
script.Heartbeat:Fire()
game:GetService("RunService").Heartbeat:connect(function(s, p)
  tf = tf + s
  if frame <= tf then
    if allowframeloss then
      script.Heartbeat:Fire()
      lastframe = tick()
    else
      for i = 1, math.floor(tf / frame) do
        script.Heartbeat:Fire()
      end
      lastframe = tick()
    end
    if tossremainder then
      tf = 0
    else
      tf = tf - frame * math.floor(tf / frame)
    end
  end
end
)
swait = function(num)
  if num == 0 or num == nil then
    ArtificialHB.Event:wait()
  else
    for i = 0, num do
      ArtificialHB.Event:wait()
    end
  end
end

CreateWeld = function(Parent, Part0, Part1, C0, C1)
  local Weld = Create("Weld")({Parent = Parent, Part0 = Part0, Part1 = Part1, C0 = C0, C1 = C1})
  return Weld
end

Bin = Instance.new("HopperBin")
Bin.Name = "Omnuro"
Bin.Parent = Player.Backpack
Handle = CreatePart(m, Enum.Material.SmoothPlastic, 0, 1, "Really black", "Handle", Vector3.new(0.399999976, 0.869999945, 0.300000012))
HandleWeld = CreateWeld(m, Character["Right Arm"], Handle, CFrame.new(0, 0, 0, 1, 0, 0, 0, 1, 0, 0, 0, 1), CFrame.new(0.208029747, 0.0953121185, 1.06537342, 1, 0, 0, 0, 5.96046448e-008, -1, 0, 1, 5.96046448e-008))
FakeHandle = CreatePart(m, Enum.Material.SmoothPlastic, 0, 1, "Really black", "FakeHandle", Vector3.new(0.399999976, 0.869999945, 0.300000012))
FakeHandleWeld = CreateWeld(m, Handle, FakeHandle, CFrame.new(0, 0, 0, 1, 0, 0, 0, 1, 0, 0, 0, 1), CFrame.new(0, 0, 0, 1, 0, 0, 0, 1, 0, 0, 0, 1))
Part = CreatePart(m, Enum.Material.SmoothPlastic, 0.25, 0, "Really black", "Part", Vector3.new(0.219999999, 1.17999983, 1.86000025))
PartWeld = CreateWeld(m, FakeHandle, Part, CFrame.new(0, 0, 0, 1, 0, 0, 0, 1, 0, 0, 0, 1), CFrame.new(0, -4.07659245, 0.857691765, 1, 0, 0, 0, 0.965925872, -0.258818984, 0, 0.258818984, 0.965925872))
CreateMesh("SpecialMesh", Part, Enum.MeshType.Wedge, "", Vector3.new(0, 0, 0), Vector3.new(0.200000003, 1, 1))
Part = CreatePart(m, Enum.Material.SmoothPlastic, 0, 0, "Really black", "Part", Vector3.new(0.399999976, 7.5, 0.300000012))
PartWeld = CreateWeld(m, FakeHandle, Part, CFrame.new(0, 0, 0, 1, 0, 0, 0, 1, 0, 0, 0, 1), CFrame.new(0, 0.410000801, 0.60310936, 1, 0, 0, 0, 1, -5.96046448e-008, 0, 5.96046448e-008, 1))
CreateMesh("CylinderMesh", Part, "", "", Vector3.new(0, 0, 0), Vector3.new(1, 1, 1))
Part = CreatePart(m, Enum.Material.SmoothPlastic, 0, 0, "Really black", "Part", Vector3.new(0.399999976, 0.73999995, 0.300000012))
PartWeld = CreateWeld(m, FakeHandle, Part, CFrame.new(0, 0, 0, 1, 0, 0, 0, 1, 0, 0, 0, 1), CFrame.new(0, 0.947307587, -1.09274721, 1, 0, 0, 0, 0.499999881, 0.866025507, 0, -0.866025507, 0.499999881))
CreateMesh("CylinderMesh", Part, "", "", Vector3.new(0, 0, 0), Vector3.new(1, 1, 1))
Part = CreatePart(m, Enum.Material.SmoothPlastic, 0, 0, "Really black", "Part", Vector3.new(0.399999976, 4.67000008, 0.300000012))
PartWeld = CreateWeld(m, FakeHandle, Part, CFrame.new(0, 0, 0, 1, 0, 0, 0, 1, 0, 0, 0, 1), CFrame.new(0, -1.09999847, -1.90734863e-006, 1, 0, 0, 0, 1, 0, 0, 0, 1))
CreateMesh("CylinderMesh", Part, "", "", Vector3.new(0, 0, 0), Vector3.new(1, 1, 1))
Part = CreatePart(m, Enum.Material.SmoothPlastic, 0, 0, "Really black", "Part", Vector3.new(0.319999993, 0.399999946, 0.319999993))
PartWeld = CreateWeld(m, FakeHandle, Part, CFrame.new(0, 0, 0, 1, 0, 0, 0, 1, 0, 0, 0, 1), CFrame.new(0, 1.23499966, -0.0100002289, 1, 0, 0, 0, 1, 0, 0, 0, 1))
CreateMesh("SpecialMesh", Part, Enum.MeshType.Sphere, "", Vector3.new(0, 0, 0), Vector3.new(1, 1, 1))
Part = CreatePart(m, Enum.Material.SmoothPlastic, 0, 0, "Black", "Part", Vector3.new(0.399999976, 0.509999871, 1.32000005))
PartWeld = CreateWeld(m, FakeHandle, Part, CFrame.new(0, 0, 0, 1, 0, 0, 0, 1, 0, 0, 0, 1), CFrame.new(0, -3.26311302, -0.668252945, 1, 0, 0, 0, 0.965925872, -0.258818835, 0, 0.258818835, 0.965925872))
Part = CreatePart(m, Enum.Material.SmoothPlastic, 0, 0, "Black", "Part", Vector3.new(0.399999976, 0.509999871, 0.950000048))
PartWeld = CreateWeld(m, FakeHandle, Part, CFrame.new(0, 0, 0, 1, 0, 0, 0, 1, 0, 0, 0, 1), CFrame.new(0, -2.22827005, -2.02235126, 1, 0, 0, 0, 0.50000006, -0.866025329, 0, 0.866025329, 0.50000006))
Part = CreatePart(m, Enum.Material.SmoothPlastic, 0, 0, "Black", "Part", Vector3.new(0.400000006, 0.360000014, 0.360000014))
PartWeld = CreateWeld(m, FakeHandle, Part, CFrame.new(0, 0, 0, 1, 0, 0, 0, 1, 0, 0, 0, 1), CFrame.new(0, -2.6616106, 0.48418808, 1, 0, 0, 0, 0.965925872, -0.258818984, 0, 0.258818984, 0.965925872))
Part = CreatePart(m, Enum.Material.SmoothPlastic, 0, 0, "Black", "Part", Vector3.new(0.399999976, 0.549999893, 0.570000052))
PartWeld = CreateWeld(m, FakeHandle, Part, CFrame.new(0, 0, 0, 1, 0, 0, 0, 1, 0, 0, 0, 1), CFrame.new(0, -3.25119781, -1.35353184, 1, 0, 0, 0, 0.965925872, -0.258818984, 0, 0.258818984, 0.965925872))
CreateMesh("SpecialMesh", Part, Enum.MeshType.Cylinder, "", Vector3.new(0, 0, 0), Vector3.new(1, 1, 1))
Part = CreatePart(m, Enum.Material.SmoothPlastic, 0, 0, "Really black", "Part", Vector3.new(0.399999976, 0.549999893, 0.570000052))
PartWeld = CreateWeld(m, FakeHandle, Part, CFrame.new(0, 0, 0, 1, 0, 0, 0, 1, 0, 0, 0, 1), CFrame.new(0, 4.06925964, 0.614060402, 1, 0, 0, 0, 1, 8.94069672e-008, 0, -8.94069672e-008, 1))
CreateMesh("SpecialMesh", Part, Enum.MeshType.Cylinder, "", Vector3.new(0, 0, 0), Vector3.new(1, 1, 1))
Part = CreatePart(m, Enum.Material.SmoothPlastic, 0.25, 0, "Really black", "Part", Vector3.new(0.219999999, 1.47999978, 1.32000005))
PartWeld = CreateWeld(m, FakeHandle, Part, CFrame.new(0, 0, 0, 1, 0, 0, 0, 1, 0, 0, 0, 1), CFrame.new(0, -3.91232109, -0.71225071, 1, 0, 0, 0, 0.965925932, -0.258818895, 0, 0.258818895, 0.965925932))
CreateMesh("SpecialMesh", Part, Enum.MeshType.Brick, "", Vector3.new(0, 0, 0), Vector3.new(0.200000003, 1, 1))
Part = CreatePart(m, Enum.Material.SmoothPlastic, 0.25, 0, "Really black", "Part", Vector3.new(0.219999999, 0.259999871, 1.33000016))
PartWeld = CreateWeld(m, FakeHandle, Part, CFrame.new(0, 0, 0, 1, 0, 0, 0, 1, 0, 0, 0, 1), CFrame.new(0, -1.50024986, 4.00721741, 1, 0, 0, 0, 0.258818895, 0.965925932, 0, -0.965925932, 0.258818895))
CreateMesh("SpecialMesh", Part, Enum.MeshType.Wedge, "", Vector3.new(0, 0, 0), Vector3.new(0.200000003, 1, 1))
Part = CreatePart(m, Enum.Material.SmoothPlastic, 0.25, 0, "Really black", "Part", Vector3.new(0.219999999, 1.23999989, 1.19000006))
PartWeld = CreateWeld(m, FakeHandle, Part, CFrame.new(0, 0, 0, 1, 0, 0, 0, 1, 0, 0, 0, 1), CFrame.new(0, 2.89333248, -0.571914673, 1, 0, 0, 0, -0.965925932, 0.258818716, 0, -0.258818716, -0.965925932))
CreateMesh("SpecialMesh", Part, Enum.MeshType.Wedge, "", Vector3.new(0, 0, 0), Vector3.new(0.200000003, 1, 1))
Part = CreatePart(m, Enum.Material.SmoothPlastic, 0.25, 0, "Really black", "Part", Vector3.new(0.219999999, 5.46000004, 1.09000003))
PartWeld = CreateWeld(m, FakeHandle, Part, CFrame.new(0, 0, 0, 1, 0, 0, 0, 1, 0, 0, 0, 1), CFrame.new(0, -0.343867302, 1.9057188, 1, 0, 0, 0, 1, 2.08616257e-007, 0, -2.08616257e-007, 1))
CreateMesh("SpecialMesh", Part, Enum.MeshType.Brick, "", Vector3.new(0, 0, 0), Vector3.new(0.200000003, 1, 1))
Part = CreatePart(m, Enum.Material.SmoothPlastic, 0.25, 0, "Really black", "Part", Vector3.new(0.219999999, 0.21999988, 5.27999973))
PartWeld = CreateWeld(m, FakeHandle, Part, CFrame.new(0, 0, 0, 1, 0, 0, 0, 1, 0, 0, 0, 1), CFrame.new(0, -2.50356007, -0.322682381, 1, 0, 0, 0, 2.68220901e-007, -1, 0, 1, 2.68220901e-007))
CreateMesh("SpecialMesh", Part, Enum.MeshType.Wedge, "", Vector3.new(0, 0, 0), Vector3.new(0.200000003, 1, 1))
Part = CreatePart(m, Enum.Material.SmoothPlastic, 0.25, 0, "Really black", "Part", Vector3.new(0.219999999, 1.0999999, 0.339999676))
PartWeld = CreateWeld(m, FakeHandle, Part, CFrame.new(0, 0, 0, 1, 0, 0, 0, 1, 0, 0, 0, 1), CFrame.new(0, -1.91355896, 2.5473156, 1, 0, 0, 0, 2.68220901e-007, -1, 0, 1, 2.68220901e-007))
CreateMesh("SpecialMesh", Part, Enum.MeshType.Wedge, "", Vector3.new(0, 0, 0), Vector3.new(0.200000003, 1, 1))
Hitbox = CreatePart(m, Enum.Material.SmoothPlastic, 0, 1, "Really black", "Hitbox", Vector3.new(0.219999999, 7.46000004, 1.8900001))
HitboxWeld = CreateWeld(m, FakeHandle, Hitbox, CFrame.new(0, 0, 0, 1, 0, 0, 0, 1, 0, 0, 0, 1), CFrame.new(0, -0.943867683, 1.50571918, 1, 0, 0, 0, 1, 2.08616257e-007, 0, -2.08616257e-007, 1))
for _,c in pairs(m:children()) do
  if c.className == "Part" then
    table.insert(hikyu, c)
  end
end
for _,c in pairs(m:children()) do
  if c.className == "Weld" then
    table.insert(hikyuwelds, c)
    print(c)
  end
end
local scythn = (Instance.new("Model"))
scythn.Parent = nil
scythn.Name = "Scythnara"
DBlade = {}
DBladeWelds = {}
Handle2 = CreatePart(scythn, Enum.Material.SmoothPlastic, 0, 1, "Really black", "Handle2", Vector3.new(0.399999976, 1.68000007, 0.300000012))
HandleWeld2 = CreateWeld(scythn, Character["Right Arm"], Handle2, CFrame.new(0, 0, 0, 1, 0, 0, 0, 1, 0, 0, 0, 1), CFrame.new(0.123840332, -0.350254059, 0.976046801, 1, 0, 0, 0, 0, -1, 0, 1, 0))
FakeHandle2 = CreatePart(scythn, Enum.Material.SmoothPlastic, 0, 1, "Really black", "FakeHandle2", Vector3.new(0.399999976, 1.68000007, 0.300000012))
FakeHandleWeld2 = CreateWeld(scythn, Handle2, FakeHandle2, CFrame.new(0, 0, 0, 1, 0, 0, 0, 1, 0, 0, 0, 1), CFrame.new(0, 0, 0, 1, 0, 0, 0, 1, 0, 0, 0, 1))
Hitbox1 = CreatePart(scythn, Enum.Material.SmoothPlastic, 0.25, 1, "Really black", "Hitbox1", Vector3.new(0.219999999, 7.17000008, 1.09000003))
HitboxWeld = CreateWeld(scythn, FakeHandle2, Hitbox, CFrame.new(0, 0, 0, 1, 0, 0, 0, 1, 0, 0, 0, 1), CFrame.new(0.000198364258, -1.6038084, 4.89488792, 1, -3.9999999e-005, 0, 2.07545563e-005, 0.518863916, 0.854856908, -3.41942759e-005, -0.854856908, 0.518863916))
Part = CreatePart(scythn, Enum.Material.SmoothPlastic, 0.25, 0, "Really black", "Part", Vector3.new(0.219999999, 0.949999809, 1.86000025))
PartWeld = CreateWeld(scythn, FakeHandle2, Part, CFrame.new(0, 0, 0, 1, 0, 0, 0, 1, 0, 0, 0, 1), CFrame.new(0.000259399414, -5.49339867, 3.54178715, 1, -3.9999999e-005, 0, 2.88973588e-005, 0.722433984, 0.691439986, -2.76575993e-005, -0.691439986, 0.722433984))
CreateMesh("SpecialMesh", Part, Enum.MeshType.Wedge, "", Vector3.new(0, 0, 0), Vector3.new(0.200000003, 1, 1))
Part = CreatePart(scythn, Enum.Material.SmoothPlastic, 0, 0, "Really black", "Part", Vector3.new(0.399999976, 7.5, 0.300000012))
PartWeld = CreateWeld(scythn, FakeHandle2, Part, CFrame.new(0, 0, 0, 1, 0, 0, 0, 1, 0, 0, 0, 1), CFrame.new(0, -1.61000061, 0, 1, 0, 0, 0, 1, 0, 0, 0, 1))
CreateMesh("CylinderMesh", Part, "", "", Vector3.new(0, 0, 0), Vector3.new(1, 1, 1))
Part = CreatePart(scythn, Enum.Material.SmoothPlastic, 0, 0, "Black", "Part", Vector3.new(0.399999976, 0.549999893, 0.570000052))
PartWeld = CreateWeld(scythn, FakeHandle2, Part, CFrame.new(0, 0, 0, 1, 0, 0, 0, 1, 0, 0, 0, 1), CFrame.new(0.000106811523, -5.04621124, -2.45902061, 1, -2.59999997e-005, 3.40000006e-005, 3.39145663e-005, 0.965919375, -0.258843094, -2.61113419e-005, 0.258843094, 0.965919495))
CreateMesh("SpecialMesh", Part, Enum.MeshType.Cylinder, "", Vector3.new(0, 0, 0), Vector3.new(1, 1, 1))
Part = CreatePart(scythn, Enum.Material.SmoothPlastic, 0, 0, "Really black", "Part", Vector3.new(0.399999976, 0.549999893, 0.570000052))
PartWeld = CreateWeld(scythn, FakeHandle2, Part, CFrame.new(0, 0, 0, 1, 0, 0, 0, 1, 0, 0, 0, 1), CFrame.new(-7.62939453e-005, 2.049263, 0.0110206604, 1, -3.09999996e-005, 2.99999992e-005, 3.10008982e-005, 1, -2.99999992e-005, -2.99990697e-005, 3.00009287e-005, 1))
CreateMesh("SpecialMesh", Part, Enum.MeshType.Cylinder, "", Vector3.new(0, 0, 0), Vector3.new(1, 1, 1))
Part = CreatePart(scythn, Enum.Material.SmoothPlastic, 0.25, 0, "Really black", "Part", Vector3.new(0.219999999, 1.26999974, 1.32000005))
PartWeld = CreateWeld(scythn, FakeHandle2, Part, CFrame.new(0, 0, 0, 1, 0, 0, 0, 1, 0, 0, 0, 1), CFrame.new(0.000213623047, -5.33908844, 1.97184277, 1, -3.9999999e-005, 0, 2.88973588e-005, 0.722433984, 0.691439986, -2.76575993e-005, -0.691439986, 0.722433984))
CreateMesh("SpecialMesh", Part, Enum.MeshType.Brick, "", Vector3.new(0, 0, 0), Vector3.new(0.200000003, 1, 1))
Part = CreatePart(scythn, Enum.Material.SmoothPlastic, 0, 0, "Black", "Part", Vector3.new(0.399999976, 0.509999871, 1.32000005))
PartWeld = CreateWeld(scythn, FakeHandle2, Part, CFrame.new(0, 0, 0, 1, 0, 0, 0, 1, 0, 0, 0, 1), CFrame.new(0.000122070313, -5.0581398, -1.77374744, 1, -2.59999997e-005, 3.40000006e-005, 3.39145663e-005, 0.965919375, -0.258843094, -2.61113419e-005, 0.258843094, 0.965919495))
Part = CreatePart(scythn, Enum.Material.SmoothPlastic, 0, 0, "Really black", "Part", Vector3.new(0.399999976, 0.73999995, 0.300000012))
PartWeld = CreateWeld(scythn, FakeHandle2, Part, CFrame.new(0, 0, 0, 1, 0, 0, 0, 1, 0, 0, 0, 1), CFrame.new(1.52587891e-005, -0.585006714, 0.355051041, 1, -4.19999997e-005, 1.10000001e-005, 1.14751729e-005, 0.500030041, 0.866008103, -4.18726668e-005, -0.866008103, 0.500030041))
CreateMesh("CylinderMesh", Part, "", "", Vector3.new(0, 0, 0), Vector3.new(1, 1, 1))
Part = CreatePart(scythn, Enum.Material.SmoothPlastic, 0, 0, "Black", "Part", Vector3.new(0.399999976, 0.509999871, 0.950000048))
PartWeld = CreateWeld(scythn, FakeHandle2, Part, CFrame.new(0, 0, 0, 1, 0, 0, 0, 1, 0, 0, 0, 1), CFrame.new(7.62939453e-005, -2.71579361, -4.07339287, 1, -1.10000001e-005, 4.19999997e-005, 4.18735726e-005, 0.499962181, -0.866047323, -1.14718914e-005, 0.866047323, 0.499962181))
Part = CreatePart(scythn, Enum.Material.SmoothPlastic, 0, 0, "Really black", "Part", Vector3.new(0.399999976, 4.67000008, 0.300000012))
PartWeld = CreateWeld(scythn, FakeHandle2, Part, CFrame.new(0, 0, 0, 1, 0, 0, 0, 1, 0, 0, 0, 1), CFrame.new(7.62939453e-005, -3.11997795, -0.603192568, 1, -3.09999996e-005, 2.99999992e-005, 3.10008982e-005, 1, -2.99999992e-005, -2.99990697e-005, 3.00009287e-005, 1))
CreateMesh("CylinderMesh", Part, "", "", Vector3.new(0, 0, 0), Vector3.new(1, 1, 1))
Part = CreatePart(scythn, Enum.Material.SmoothPlastic, 0, 0, "Black", "Part", Vector3.new(0.400000006, 0.360000014, 0.360000014))
PartWeld = CreateWeld(scythn, FakeHandle2, Part, CFrame.new(0, 0, 0, 1, 0, 0, 0, 1, 0, 0, 0, 1), CFrame.new(0.000137329102, -4.45667458, -0.621294975, 1, -2.59999997e-005, 3.40000006e-005, 3.39145663e-005, 0.965919375, -0.258843094, -2.61113419e-005, 0.258843094, 0.965919495))
Part = CreatePart(scythn, Enum.Material.SmoothPlastic, 0, 0, "Really black", "Part", Vector3.new(0.319999993, 0.399999946, 0.319999993))
PartWeld = CreateWeld(scythn, FakeHandle2, Part, CFrame.new(0, 0, 0, 1, 0, 0, 0, 1, 0, 0, 0, 1), CFrame.new(0, -0.784980774, -0.613133669, 1, -3.09999996e-005, 2.99999992e-005, 3.10008982e-005, 1, -2.99999992e-005, -2.99990697e-005, 3.00009287e-005, 1))
CreateMesh("SpecialMesh", Part, Enum.MeshType.Sphere, "", Vector3.new(0, 0, 0), Vector3.new(1, 1, 1))
Part = CreatePart(scythn, Enum.Material.SmoothPlastic, 0.25, 0, "Really black", "Part", Vector3.new(0.219999999, 0.259999871, 1.07000017))
PartWeld = CreateWeld(scythn, FakeHandle2, Part, CFrame.new(0, 0, 0, 1, 0, 0, 0, 1, 0, 0, 0, 1), CFrame.new(0.000198364258, 1.18389225, 5.40895081, 1, -4.09999993e-005, 0, -2.83492482e-005, -0.691445053, 0.722429037, -2.96195904e-005, -0.722429037, -0.691445053))
CreateMesh("SpecialMesh", Part, Enum.MeshType.Wedge, "", Vector3.new(0, 0, 0), Vector3.new(0.200000003, 1, 1))
Part = CreatePart(scythn, Enum.Material.SmoothPlastic, 0.25, 0, "Really black", "Part", Vector3.new(0.219999999, 1.23999989, 1.19000006))
PartWeld = CreateWeld(scythn, FakeHandle2, Part, CFrame.new(0, 0, 0, 1, 0, 0, 0, 1, 0, 0, 0, 1), CFrame.new(-3.05175781e-005, 4.42512321, -3.2560463, 1, 0, 3.9999999e-005, 2.76576393e-005, -0.722432971, -0.691441, 2.88973188e-005, 0.691441, -0.722432971))
CreateMesh("SpecialMesh", Part, Enum.MeshType.Wedge, "", Vector3.new(0, 0, 0), Vector3.new(0.200000003, 1, 1))
Part = CreatePart(scythn, Enum.Material.SmoothPlastic, 0.25, 0, "Really black", "Part", Vector3.new(0.219999999, 0.21999988, 5.27999973))
PartWeld = CreateWeld(scythn, FakeHandle2, Part, CFrame.new(0, 0, 0, 1, 0, 0, 0, 1, 0, 0, 0, 1), CFrame.new(0.000213623047, -5.49272156, -1.10766506, 1, -3.9999999e-005, 0, 3.41942286e-005, 0.854855716, -0.518865824, 2.07546327e-005, 0.518865824, 0.854855716))
CreateMesh("SpecialMesh", Part, Enum.MeshType.Wedge, "", Vector3.new(0, 0, 0), Vector3.new(0.200000003, 1, 1))
Part = CreatePart(scythn, Enum.Material.SmoothPlastic, 0.25, 0, "Really black", "Part", Vector3.new(0.219999999, 1.0999999, 0.339999676))
PartWeld = CreateWeld(scythn, FakeHandle2, Part, CFrame.new(0, 0, 0, 1, 0, 0, 0, 1, 0, 0, 0, 1), CFrame.new(0.000137329102, -4.90282059, 1.76236153, 1, -3.9999999e-005, 0, 3.41942286e-005, 0.854855716, -0.518865824, 2.07546327e-005, 0.518865824, 0.854855716))
CreateMesh("SpecialMesh", Part, Enum.MeshType.Wedge, "", Vector3.new(0, 0, 0), Vector3.new(0.200000003, 1, 1))
Part = CreatePart(scythn, Enum.Material.SmoothPlastic, 0.25, 0, "Really black", "Part", Vector3.new(0.219999999, 5.46000004, 1.09000003))
PartWeld = CreateWeld(scythn, FakeHandle2, Part, CFrame.new(0, 0, 0, 1, 0, 0, 0, 1, 0, 0, 0, 1), CFrame.new(0.000198364258, -1.12881565, 4.8948822, 1, -3.9999999e-005, 0, 2.07545563e-005, 0.518863916, 0.854856908, -3.41942759e-005, -0.854856908, 0.518863916))
CreateMesh("SpecialMesh", Part, Enum.MeshType.Brick, "", Vector3.new(0, 0, 0), Vector3.new(0.200000003, 1, 1))
Part = CreatePart(scythn, Enum.Material.SmoothPlastic, 0, 0, "Black", "Part", Vector3.new(0.399999976, 0.549999893, 0.570000052))
PartWeld = CreateWeld(scythn, FakeHandle2, Part, CFrame.new(0, 0, 0, 1, 0, 0, 0, 1, 0, 0, 0, 1), CFrame.new(0.000183105469, -5.10651207, 0.736515045, 1, -4.09999993e-005, 0, 3.35104087e-005, 0.817327023, 0.576174021, -2.36231353e-005, -0.576174021, 0.817327023))
CreateMesh("SpecialMesh", Part, Enum.MeshType.Cylinder, "", Vector3.new(0, 0, 0), Vector3.new(1, 1, 1))
Part = CreatePart(scythn, Enum.Material.SmoothPlastic, 0, 0, "Black", "Part", Vector3.new(0.399999976, 0.509999871, 1.49000001))
PartWeld = CreateWeld(scythn, FakeHandle2, Part, CFrame.new(0, 0, 0, 1, 0, 0, 0, 1, 0, 0, 0, 1), CFrame.new(0.000244140625, -5.11039925, 1.53912449, 1, -4.09999993e-005, 0, 3.35104087e-005, 0.817327023, 0.576174021, -2.36231353e-005, -0.576174021, 0.817327023))
Handoo = CreatePart(scythn, Enum.Material.Neon, 0, 0, "Dark indigo", "Handoo", Vector3.new(0.200000003, 0.200000003, 0.200000003))
HandooWeld = CreateWeld(scythn, Character.Torso, Handoo, CFrame.new(0, 0, 0, 1, 0, 0, 0, 1, 0, 0, 0, 1), CFrame.new(-0.549995422, -0.0703735352, 0.742510319, 0, 0, -1, 0.999976993, -0.00678399997, 0, -0.00678399997, -0.999976993, 0))
Part = CreatePart(scythn, Enum.Material.Plastic, 0, 0, "Really black", "Part", Vector3.new(1.20000005, 2.42000008, 0.340000063))
PartWeld = CreateWeld(scythn, Handoo, Part, CFrame.new(0, 0, 0, 1, 0, 0, 0, 1, 0, 0, 0, 1), CFrame.new(0.529996872, -1.16970825, 0.0359344482, 1, 0, 0, 0, 0.926496327, -0.376303971, 0, 0.376304001, 0.926496327))
Part = CreatePart(scythn, Enum.Material.Plastic, 0, 0, "Really black", "Part", Vector3.new(1.21000004, 2.5, 0.340000063))
PartWeld = CreateWeld(scythn, Handoo, Part, CFrame.new(0, 0, 0, 1, 0, 0, 0, 1, 0, 0, 0, 1), CFrame.new(0.534996033, 1.31703186, 0.0337257385, 1, 0, 0, 0, 0.960309505, 0.278936714, 0, -0.278936714, 0.960309505))
Part = CreatePart(scythn, Enum.Material.Plastic, 0, 0, "Really black", "Part", Vector3.new(0.280000001, 0.979999959, 0.440000057))
PartWeld = CreateWeld(scythn, Handoo, Part, CFrame.new(0, 0, 0, 1, 0, 0, 0, 1, 0, 0, 0, 1), CFrame.new(-0.571136475, -0.70470047, -0.0287780762, 0.177076906, 0.911854029, -0.370359361, -0.98419708, 0.164057702, -0.0666431114, -8.48459604e-006, 0.376307517, 0.926494837))
Part = CreatePart(scythn, Enum.Material.Plastic, 0, 0, "Really black", "Part", Vector3.new(0.280000001, 0.979999959, 0.440000057))
PartWeld = CreateWeld(scythn, Handoo, Part, CFrame.new(0, 0, 0, 1, 0, 0, 0, 1, 0, 0, 0, 1), CFrame.new(0.65512085, -0.71869278, 0.0800170898, -0.163214013, 0.981107414, 0.103872582, -0.982761979, -0.152410492, -0.104642466, -0.0868342221, -0.119161136, 0.989070594))
Part = CreatePart(scythn, Enum.Material.Plastic, 0, 0, "Really black", "Part", Vector3.new(1.72000003, 0.200000003, 0.200000003))
PartWeld = CreateWeld(scythn, Handoo, Part, CFrame.new(0, 0, 0, 1, 0, 0, 0, 1, 0, 0, 0, 1), CFrame.new(-0.0189056396, -1.04454994, 0.143669367, 0.0165939927, 0.999540389, -0.0253714547, -0.997865617, 0.0149526633, -0.063566871, -0.0631582737, 0.026372131, 0.997655034))
Part = CreatePart(scythn, Enum.Material.Plastic, 0, 0, "Really black", "Part", Vector3.new(0.200000003, 2.5, 0.200000003))
PartWeld = CreateWeld(scythn, Handoo, Part, CFrame.new(0, 0, 0, 1, 0, 0, 0, 1, 0, 0, 0, 1), CFrame.new(0.0299968719, 1.27052307, 0.0375461578, 1, 0, 0, 0, 0.995324552, 0.0965868831, 0, -0.0965868831, 0.995324552))
Part = CreatePart(scythn, Enum.Material.Plastic, 0, 0, "Really black", "Part", Vector3.new(0.200000003, 2.5, 0.200000003))
PartWeld = CreateWeld(scythn, Handoo, Part, CFrame.new(0, 0, 0, 1, 0, 0, 0, 1, 0, 0, 0, 1), CFrame.new(0.0299968719, 1.27461243, -0.0556087494, 1, 0, 0, 0, 0.99260658, -0.121376649, 0, 0.121376656, 0.99260658))
Part = CreatePart(scythn, Enum.Material.Plastic, 0, 0, "Really black", "Part", Vector3.new(0.200000003, 2.42000008, 0.200000003))
PartWeld = CreateWeld(scythn, Handoo, Part, CFrame.new(0, 0, 0, 1, 0, 0, 0, 1, 0, 0, 0, 1), CFrame.new(0.14680481, -1.6463623, -0.0551834106, 0.725230813, 0.677007318, -0.125304669, -0.688505828, 0.713119924, -0.131983832, 3.23662107e-006, 0.181991741, 0.983300149))
Part = CreatePart(scythn, Enum.Material.Plastic, 0, 0, "Really black", "Part", Vector3.new(0.200000003, 2.42000008, 0.200000003))
PartWeld = CreateWeld(scythn, Handoo, Part, CFrame.new(0, 0, 0, 1, 0, 0, 0, 1, 0, 0, 0, 1), CFrame.new(0.336021423, 1.74919128, -0.0882720947, 0.836325169, -0.540382743, -0.0924481899, 0.548233688, 0.824347734, 0.141033888, -2.81614098e-006, -0.168633416, 0.985678852))
Part = CreatePart(scythn, Enum.Material.Plastic, 0, 0, "Really black", "Part", Vector3.new(0.200000003, 2.42000008, 0.200000003))
PartWeld = CreateWeld(scythn, Handoo, Part, CFrame.new(0, 0, 0, 1, 0, 0, 0, 1, 0, 0, 0, 1), CFrame.new(0.371582031, 1.69494629, -0.452550888, 0.836325169, -0.540382743, -0.0924481899, 0.548233688, 0.824347734, 0.141033888, -2.81614098e-006, -0.168633416, 0.985678852))
Part = CreatePart(scythn, Enum.Material.Plastic, 0, 0, "Really black", "Part", Vector3.new(0.200000003, 2.42000008, 0.200000003))
PartWeld = CreateWeld(scythn, Handoo, Part, CFrame.new(0, 0, 0, 1, 0, 0, 0, 1, 0, 0, 0, 1), CFrame.new(0.191467285, -1.59931946, -0.419454575, 0.725230813, 0.677007318, -0.125304669, -0.688505828, 0.713119924, -0.131983832, 3.23662107e-006, 0.181991741, 0.983300149))
Part = CreatePart(scythn, Enum.Material.Plastic, 0, 0, "Really black", "Part", Vector3.new(0.200000003, 2.42000008, 0.200000003))
PartWeld = CreateWeld(scythn, Handoo, Part, CFrame.new(0, 0, 0, 1, 0, 0, 0, 1, 0, 0, 0, 1), CFrame.new(0.404266357, 1.64509583, -0.787281036, 0.836325169, -0.540382743, -0.0924481899, 0.548233688, 0.824347734, 0.141033888, -2.81614098e-006, -0.168633416, 0.985678852))
Part = CreatePart(scythn, Enum.Material.Plastic, 0, 0, "Really black", "Part", Vector3.new(0.200000003, 2.42000008, 0.200000003))
PartWeld = CreateWeld(scythn, Handoo, Part, CFrame.new(0, 0, 0, 1, 0, 0, 0, 1, 0, 0, 0, 1), CFrame.new(0.232513428, -1.55609131, -0.754188538, 0.725230813, 0.677007318, -0.125304669, -0.688505828, 0.713119924, -0.131983832, 3.23662107e-006, 0.181991741, 0.983300149))
Part = CreatePart(scythn, Enum.Material.Plastic, 0, 0, "Really black", "Part", Vector3.new(0.200000003, 2.42000008, 0.200000003))
PartWeld = CreateWeld(scythn, Handoo, Part, CFrame.new(0, 0, 0, 1, 0, 0, 0, 1, 0, 0, 0, 1), CFrame.new(0.27596283, -1.51032257, -1.10861206, 0.725230813, 0.677007318, -0.125304669, -0.688505828, 0.713119924, -0.131983832, 3.23662107e-006, 0.181991741, 0.983300149))
Part = CreatePart(scythn, Enum.Material.Plastic, 0, 0, "Really black", "Part", Vector3.new(0.200000003, 2.42000008, 0.200000003))
PartWeld = CreateWeld(scythn, Handoo, Part, CFrame.new(0, 0, 0, 1, 0, 0, 0, 1, 0, 0, 0, 1), CFrame.new(0.438865662, 1.59230042, -1.14170647, 0.836325169, -0.540382743, -0.0924481899, 0.548233688, 0.824347734, 0.141033888, -2.81614098e-006, -0.168633416, 0.985678852))
Part = CreatePart(scythn, Enum.Material.Plastic, 0, 0, "Really black", "Part", Vector3.new(0.200000003, 2.42000008, 0.200000003))
PartWeld = CreateWeld(scythn, Handoo, Part, CFrame.new(0, 0, 0, 1, 0, 0, 0, 1, 0, 0, 0, 1), CFrame.new(0.478271484, 1.53219604, -1.54536057, 0.836325169, -0.540382743, -0.0924481899, 0.548233688, 0.824347734, 0.141033888, -2.81614098e-006, -0.168633416, 0.985678852))
Part = CreatePart(scythn, Enum.Material.Plastic, 0, 0, "Really black", "Part", Vector3.new(0.200000003, 2.42000008, 0.200000003))
PartWeld = CreateWeld(scythn, Handoo, Part, CFrame.new(0, 0, 0, 1, 0, 0, 0, 1, 0, 0, 0, 1), CFrame.new(0.325454712, -1.45819092, -1.51226234, 0.725230813, 0.677007318, -0.125304669, -0.688505828, 0.713119924, -0.131983832, 3.23662107e-006, 0.181991741, 0.983300149))
Part = CreatePart(scythn, Enum.Material.Plastic, 0, 0, "Really black", "Part", Vector3.new(0.200000003, 2.42000008, 0.200000003))
PartWeld = CreateWeld(scythn, Handoo, Part, CFrame.new(0, 0, 0, 1, 0, 0, 0, 1, 0, 0, 0, 1), CFrame.new(0.0299968719, -1.10217285, -0.0320129395, 1, 0, 0, 0, 0.990234196, 0.139414385, 0, -0.13941437, 0.990234196))
Part = CreatePart(scythn, Enum.Material.Plastic, 0, 0, "Really black", "Part", Vector3.new(0.200000003, 2.42000008, 0.200000003))
PartWeld = CreateWeld(scythn, Handoo, Part, CFrame.new(0, 0, 0, 1, 0, 0, 0, 1, 0, 0, 0, 1), CFrame.new(0.0299968719, -1.09291077, -0.0551891327, 1, 0, 0, 0, 0.98330009, -0.181991905, 0, 0.18199189, 0.98330009))
Hindoo = CreatePart(scythn, Enum.Material.Neon, 0, 1, "Dark indigo", "Hindoo", Vector3.new(0.200000003, 0.200000003, 0.200000003))
HindooWeld = CreateWeld(scythn, Character.Head, Hindoo, CFrame.new(0, 0, 0, 1, 0, 0, 0, 1, 0, 0, 0, 1), CFrame.new(-0.519994736, -0.264099121, 0.193834782, 0, 0, -1, 0.999976993, -0.00678399997, 0, -0.00678399997, -0.999976993, 0))
Part = CreatePart(scythn, Enum.Material.Neon, 0, 0, "Dark indigo", "Part", Vector3.new(0.200000003, 0.200000003, 0.200000003))
PartWeld = CreateWeld(scythn, Hindoo, Part, CFrame.new(0, 0, 0, 1, 0, 0, 0, 1, 0, 0, 0, 1), CFrame.new(0, 0, 0, 1, 0, 0, 0, 1, 0, 0, 0, 1))
Part = CreatePart(scythn, Enum.Material.Neon, 0, 0, "Dark indigo", "Part", Vector3.new(0.200000003, 0.200000003, 0.200000003))
PartWeld = CreateWeld(scythn, Hindoo, Part, CFrame.new(0, 0, 0, 1, 0, 0, 0, 1, 0, 0, 0, 1), CFrame.new(0, 0.489974976, -0.00332403183, 1, 0, 0, 0, 1, 0, 0, 0, 1))
for _,c in pairs(scythn:children()) do
  if c.className == "Part" then
    table.insert(DBlade, c)
  end
end
for _,c in pairs(scythn:children()) do
  if c.className == "Weld" then
    table.insert(DBladeWelds, c)
    print(c)
  end
end
rayCast = function(Position, Direction, Range, Ignore)
  return game:service("Workspace"):FindPartOnRay(Ray.new(Position, Direction.unit * (Range or 999.999)), Ignore)
end

CreateSound = function(id, par, vol, pit)
  coroutine.resume(coroutine.create(function()
    local sou = Instance.new("Sound", par or workspace)
    sou.Volume = vol
    sou.Pitch = pit or 1
    sou.SoundId = id
    swait()
    sou:play()
    game:GetService("Debris"):AddItem(sou, 6)
  end
))
end

local getclosest = function(obj, distance)
  local last, lastx = distance + 1, nil
  for i,v in pairs(workspace:GetChildren()) do
    if v:IsA("Model") and v ~= Character and v:findFirstChild("Humanoid") and v:findFirstChild("Torso") and v:findFirstChild("Humanoid").Health > 0 then
      local t = v.Torso
      local dist = t.Position - obj.Position.magnitude
      if dist <= distance and dist < last then
        last = dist
        lastx = v
      end
    end
  end
  return lastx
end

Damagefunc = function(Part, hit, minim, maxim, knockback, Type, Property, Delay, HitSound, HitPitch)
  if hit.Parent == nil then
    return 
  end
  local h = hit.Parent:FindFirstChild("Humanoid")
  for _,v in pairs(hit.Parent:children()) do
    if v:IsA("Humanoid") then
      h = v
    end
  end
  if h ~= nil and hit.Parent.Name ~= Character.Name and hit.Parent:FindFirstChild("Torso") ~= nil then
    if hit.Parent:findFirstChild("DebounceHit") ~= nil and hit.Parent.DebounceHit.Value == true then
      return 
    end
    local c = Create("ObjectValue")({Name = "creator", Value = game:service("Players").LocalPlayer, Parent = h})
    game:GetService("Debris"):AddItem(c, 0.5)
    if HitSound ~= nil and HitPitch ~= nil then
      CreateSound(HitSound, hit, 1, HitPitch)
    end
    local Damage = math.random(minim, maxim)
    local blocked = false
    local block = hit.Parent:findFirstChild("Block")
    if block ~= nil and block.className == "IntValue" and block.Value > 0 then
      blocked = true
      block.Value = block.Value - 1
      print(block.Value)
    end
    if blocked == false then
      h.Health = h.Health - Damage
      ShowDamage(Part.CFrame * CFrame.new(0, 0, Part.Size.Z / 2).p + Vector3.new(0, 1.5, 0), -Damage, 1.5, Part.BrickColor.Color)
    else
      h.Health = h.Health - Damage / 2
      ShowDamage(Part.CFrame * CFrame.new(0, 0, Part.Size.Z / 2).p + Vector3.new(0, 1.5, 0), -Damage, 1.5, Part.BrickColor.Color)
    end
    if Type == "Knockdown" then
      local hum = hit.Parent.Humanoid
      hum.PlatformStand = true
      coroutine.resume(coroutine.create(function(HHumanoid)
    swait(1)
    HHumanoid.PlatformStand = false
  end
), hum)
      local angle = hit.Position - (Property.Position + Vector3.new(0, 0, 0)).unit
      local bodvol = Create("BodyVelocity")({velocity = angle * knockback, P = 5000, maxForce = Vector3.new(8000, 8000, 8000), Parent = hit})
      local rl = Create("BodyAngularVelocity")({P = 3000, maxTorque = Vector3.new(500000, 500000, 500000) * 50000000000000, angularvelocity = Vector3.new(math.random(-10, 10), math.random(-10, 10), math.random(-10, 10)), Parent = hit})
      game:GetService("Debris"):AddItem(bodvol, 0.5)
      game:GetService("Debris"):AddItem(rl, 0.5)
    else
      do
        if Type == "Normal" then
          local vp = Create("BodyVelocity")({P = 500, maxForce = Vector3.new(math.huge, 0, math.huge), velocity = Property.CFrame.lookVector * knockback + Property.Velocity / 1.05})
          if knockback > 0 then
            vp.Parent = hit.Parent.Torso
          end
          game:GetService("Debris"):AddItem(vp, 0.5)
        else
          do
            if Type == "Up" then
              local bodyVelocity = Create("BodyVelocity")({velocity = vt(0, 20, 0), P = 5000, maxForce = Vector3.new(8000, 8000, 8000), Parent = hit})
              game:GetService("Debris"):AddItem(bodyVelocity, 0.5)
            else
              do
                if Type == "DarkUp" then
                  coroutine.resume(coroutine.create(function()
    for i = 0, 1, 0.1 do
      swait()
      BlockEffect(BrickColor.new("Black"), hit.Parent.Torso.CFrame, 5, 5, 5, 1, 1, 1, 0.08, 1)
    end
  end
))
                  local bodyVelocity = Create("BodyVelocity")({velocity = vt(0, 20, 0), P = 5000, maxForce = Vector3.new(8000, 8000, 8000), Parent = hit})
                  game:GetService("Debris"):AddItem(bodyVelocity, 1)
                else
                  do
                    if Type == "Snare" then
                      local bp = Create("BodyPosition")({P = 2000, D = 100, maxForce = Vector3.new(math.huge, math.huge, math.huge), position = hit.Parent.Torso.Position, Parent = hit.Parent.Torso})
                      game:GetService("Debris"):AddItem(bp, 1)
                    else
                      do
                        if Type == "Freeze" then
                          local BodPos = Create("BodyPosition")({P = 50000, D = 1000, maxForce = Vector3.new(math.huge, math.huge, math.huge), position = hit.Parent.Torso.Position, Parent = hit.Parent.Torso})
                          local BodGy = Create("BodyGyro")({maxTorque = Vector3.new(400000, 400000, 400000) * math.huge, P = 20000, Parent = hit.Parent.Torso, cframe = hit.Parent.Torso.CFrame})
                          hit.Parent.Torso.Anchored = true
                          coroutine.resume(coroutine.create(function(Part)
    swait(1.5)
    Part.Anchored = false
  end
), hit.Parent.Torso)
                          game:GetService("Debris"):AddItem(BodPos, 3)
                          game:GetService("Debris"):AddItem(BodGy, 3)
                        end
                        do
                          local debounce = Create("BoolValue")({Name = "DebounceHit", Parent = hit.Parent, Value = true})
                          game:GetService("Debris"):AddItem(debounce, Delay)
                          c = Instance.new("ObjectValue")
                          c.Name = "creator"
                          c.Value = Player
                          c.Parent = h
                          game:GetService("Debris"):AddItem(c, 0.5)
                        end
                      end
                    end
                  end
                end
