--[[ Leaked by CLarramore ]]--
-- Ever since 3/10/2016 this script started to get popular in oxcool1's SB
-- I am now spreading this on
-- You can now make ur edits with this
-- ENTIRELY OPEN SOURCED!!!! YAY!

-- NightOwlAce dont kill me
Player=game:GetService("Players").LocalPlayer
Character=Player.Character 
PlayerGui=Player.PlayerGui 
Backpack=Player.Backpack 
Torso=Character.Torso 
Head=Character.Head 
Humanoid=Character.Humanoid
m=Instance.new('Model',Character)
LeftArm=Character["Left Arm"] 
LeftLeg=Character["Left Leg"] 
RightArm=Character["Right Arm"] 
RightLeg=Character["Right Leg"] 
LS=Torso["Left Shoulder"] 
LH=Torso["Left Hip"] 
RS=Torso["Right Shoulder"] 
RH=Torso["Right Hip"] 
Face = Head.face
Neck=Torso.Neck
it=Instance.new
attacktype=1
vt=Vector3.new
cf=CFrame.new
euler=CFrame.fromEulerAnglesXYZ
angles=CFrame.Angles
cloaked=false
necko=cf(0, 1, 0, -1, -0, -0, 0, 0, 1, 0, 1, 0)
necko2=cf(0, -0.5, 0, -1, -0, -0, 0, 0, 1, 0, 1, 0)
LHC0=cf(-1,-1,0,-0,-0,-1,0,1,0,1,0,0)
LHC1=cf(-0.5,1,0,-0,-0,-1,0,1,0,1,0,0)
RHC0=cf(1,-1,0,0,0,1,0,1,0,-1,-0,-0)
RHC1=cf(0.5,1,0,0,0,1,0,1,0,-1,-0,-0)
RootPart=Character.HumanoidRootPart
RootJoint=RootPart.RootJoint
RootCF=euler(-1.57,0,3.14)
attack = false 
attackdebounce = false 
deb=false
equipped=true
hand=false
MMouse=nil
combo=0
mana=0
trispeed=1
pathtrans=.7
attackmode='none'
local idle=0
local Anim="Idle"
local Effects={}
local gun=false
local shoot=false
player=nil 
cloak=false
lightcolor='Bright blue'

local Color1=Torso.BrickColor
 
local fengui=it("GuiMain") 
fengui.Parent=Player.PlayerGui 
fengui.Name="WeaponGUI" 
local fenframe=it("Frame") 
fenframe.Parent=fengui
fenframe.BackgroundColor3=Color3.new(255,255,255) 
fenframe.BackgroundTransparency=1 
fenframe.BorderColor3=Color3.new(17,17,17) 
fenframe.Size=UDim2.new(0.0500000007, 0, 0.100000001, 0)
fenframe.Position=UDim2.new(0.4,0,0.1,0)
local fenbarmana1=it("TextLabel") 
fenbarmana1.Parent=fenframe 
fenbarmana1.Text=" " 
fenbarmana1.BackgroundTransparency=0 
fenbarmana1.BackgroundColor3=Color3.new(0,0,0) 
fenbarmana1.SizeConstraint="RelativeXY" 
fenbarmana1.TextXAlignment="Center" 
fenbarmana1.TextYAlignment="Center" 
fenbarmana1.Position=UDim2.new(0,0,0,0)
fenbarmana1.Size=UDim2.new(4,0,0.2,0)
local fenbarmana2=it("TextLabel") 
fenbarmana2.Parent=fenframe 
fenbarmana2.Text=" " 
fenbarmana2.BackgroundTransparency=0 
fenbarmana2.BackgroundColor3=Torso.Color
fenbarmana2.SizeConstraint="RelativeXY" 
fenbarmana2.TextXAlignment="Center" 
fenbarmana2.TextYAlignment="Center" 
fenbarmana2.Position=UDim2.new(0,0,0,0)
fenbarmana2.Size=UDim2.new(4*mana/100,0,0.2,0)
local fenbarmana3=it("TextLabel") 
fenbarmana3.Parent=fenframe 
fenbarmana3.Text=" " 
fenbarmana3.BackgroundTransparency=0 
fenbarmana3.BackgroundColor3=Color3.new(Col1,Col2,Col3)
fenbarmana3.SizeConstraint="RelativeXY" 
fenbarmana3.TextXAlignment="Center" 
fenbarmana3.TextYAlignment="Center" 
fenbarmana3.Position=UDim2.new(0,0,0,0)
fenbarmana3.Size=UDim2.new(0,0,0.2,0)
local fenbarmana4=it("TextLabel") 
fenbarmana4.Parent=fenframe 
fenbarmana4.Text="Energy("..mana..")"
fenbarmana4.BackgroundTransparency=1 
fenbarmana4.BackgroundColor3=Color3.new(0,0,0) 
fenbarmana4.SizeConstraint="RelativeXY" 
fenbarmana4.TextXAlignment="Center" 
fenbarmana4.TextYAlignment="Center" 
fenbarmana4.Position=UDim2.new(0,0,-0.3,0)
fenbarmana4.Size=UDim2.new(4,0,0.2,0)
fenbarmana4.FontSize="Size9"
fenbarmana4.TextStrokeTransparency=0
fenbarmana4.TextColor=BrickColor.new("White")

mouse=Player:GetMouse()
--save shoulders 
RSH, LSH=nil, nil 
--welds 
RW, LW=Instance.new("Weld"), Instance.new("Weld") 
RW.Name="Right Shoulder" LW.Name="Left Shoulder"
LH=Torso["Left Hip"]
RH=Torso["Right Hip"]
TorsoColor=Torso.BrickColor
function NoOutline(Part)
Part.TopSurface,Part.BottomSurface,Part.LeftSurface,Part.RightSurface,Part.FrontSurface,Part.BackSurface = 10,10,10,10,10,10
end
player=Player 
ch=Character
RSH=ch.Torso["Right Shoulder"] 
LSH=ch.Torso["Left Shoulder"] 
-- 
RSH.Parent=nil 
LSH.Parent=nil 
-- 
RW.Name="Right Shoulder"
RW.Part0=ch.Torso 
RW.C0=cf(1.5, 0.5, 0) --* CFrame.fromEulerAnglesXYZ(1.3, 0, -0.5) 
RW.C1=cf(0, 0.5, 0) 
RW.Part1=ch["Right Arm"] 
RW.Parent=ch.Torso 
-- 
LW.Name="Left Shoulder"
LW.Part0=ch.Torso 
LW.C0=cf(-1.5, 0.5, 0) --* CFrame.fromEulerAnglesXYZ(1.7, 0, 0.8) 
LW.C1=cf(0, 0.5, 0) 
LW.Part1=ch["Left Arm"] 
LW.Parent=ch.Torso 

function part(formfactor,parent,reflectance,transparency,brickcolor,name,size)
local fp=it("Part")
fp.formFactor=formfactor 
fp.Parent=parent
fp.Reflectance=reflectance
fp.Transparency=transparency
fp.CanCollide=false 
fp.Locked=true
fp.BrickColor=brickcolor
fp.Name=name
fp.Size=size
fp.Position=Torso.Position 
NoOutline(fp)
fp.Material="Neon"
fp:BreakJoints()
return fp 
end 
 
function mesh(Mesh,part,meshtype,meshid,offset,scale)
local mesh=it(Mesh) 
mesh.Parent=part
if Mesh=="SpecialMesh" then
mesh.MeshType=meshtype
if meshid~="nil" then
mesh.MeshId="http://www.roblox.com/asset/?id="..meshid
end
end
mesh.Offset=offset
mesh.Scale=scale
return mesh
end
 
function weld(parent,part0,part1,c0)
local weld=it("Weld") 
weld.Parent=parent
weld.Part0=part0 
weld.Part1=part1 
weld.C0=c0
return weld
end
 
local Color1=Torso.BrickColor

local bodvel=Instance.new("BodyVelocity")
local bg=Instance.new("BodyGyro")

function swait(num)
if num==0 or num==nil then
game:service'RunService'.Stepped:wait(0)
else
for i=0,num do
game:service'RunService'.Stepped:wait(0)
end
end
end
 
 
so = function(id,par,vol,pit) 
coroutine.resume(coroutine.create(function()
local sou = Instance.new("Sound",par or workspace)
sou.Volume=vol
sou.Pitch=pit or 1
sou.SoundId=id
swait() 
sou:play() 
game:GetService("Debris"):AddItem(sou,6)
end))
end
 
function clerp(a,b,t) 
local qa = {QuaternionFromCFrame(a)}
local qb = {QuaternionFromCFrame(b)} 
local ax, ay, az = a.x, a.y, a.z 
local bx, by, bz = b.x, b.y, b.z
local _t = 1-t
return QuaternionToCFrame(_t*ax + t*bx, _t*ay + t*by, _t*az + t*bz,QuaternionSlerp(qa, qb, t)) 
end 
 
function QuaternionFromCFrame(cf) 
local mx, my, mz, m00, m01, m02, m10, m11, m12, m20, m21, m22 = cf:components() 
local trace = m00 + m11 + m22 
if trace > 0 then 
local s = math.sqrt(1 + trace) 
local recip = 0.5/s 
return (m21-m12)*recip, (m02-m20)*recip, (m10-m01)*recip, s*0.5 
else 
local i = 0 
if m11 > m00 then
i = 1
end
if m22 > (i == 0 and m00 or m11) then 
i = 2 
end 
if i == 0 then 
local s = math.sqrt(m00-m11-m22+1) 
local recip = 0.5/s 
return 0.5*s, (m10+m01)*recip, (m20+m02)*recip, (m21-m12)*recip 
elseif i == 1 then 
local s = math.sqrt(m11-m22-m00+1) 
local recip = 0.5/s 
return (m01+m10)*recip, 0.5*s, (m21+m12)*recip, (m02-m20)*recip 
elseif i == 2 then 
local s = math.sqrt(m22-m00-m11+1) 
local recip = 0.5/s return (m02+m20)*recip, (m12+m21)*recip, 0.5*s, (m10-m01)*recip 
end 
end 
end
 
function QuaternionToCFrame(px, py, pz, x, y, z, w) 
local xs, ys, zs = x + x, y + y, z + z 
local wx, wy, wz = w*xs, w*ys, w*zs 
local xx = x*xs 
local xy = x*ys 
local xz = x*zs 
local yy = y*ys 
local yz = y*zs 
local zz = z*zs 
return CFrame.new(px, py, pz,1-(yy+zz), xy - wz, xz + wy,xy + wz, 1-(xx+zz), yz - wx, xz - wy, yz + wx, 1-(xx+yy)) 
end
 
function QuaternionSlerp(a, b, t) 
local cosTheta = a[1]*b[1] + a[2]*b[2] + a[3]*b[3] + a[4]*b[4] 
local startInterp, finishInterp; 
if cosTheta >= 0.0001 then 
if (1 - cosTheta) > 0.0001 then 
local theta = math.acos(cosTheta) 
local invSinTheta = 1/math.sin(theta) 
startInterp = math.sin((1-t)*theta)*invSinTheta 
finishInterp = math.sin(t*theta)*invSinTheta  
else 
startInterp = 1-t 
finishInterp = t 
end 
else 
if (1+cosTheta) > 0.0001 then 
local theta = math.acos(-cosTheta) 
local invSinTheta = 1/math.sin(theta) 
startInterp = math.sin((t-1)*theta)*invSinTheta 
finishInterp = math.sin(t*theta)*invSinTheta 
else 
startInterp = t-1 
finishInterp = t 
end 
end 
return a[1]*startInterp + b[1]*finishInterp, a[2]*startInterp + b[2]*finishInterp, a[3]*startInterp + b[3]*finishInterp, a[4]*startInterp + b[4]*finishInterp 
end

function rayCast(Pos, Dir, Max, Ignore)  -- Origin Position , Direction, MaxDistance , IgnoreDescendants
return game:service("Workspace"):FindPartOnRay(Ray.new(Pos, Dir.unit * (Max or 999.999)), Ignore) 
end 

function SkullEffect(brickcolor,cframe,x1,y1,z1,delay)
local prt=part(3,workspace,0,0,brickcolor,"Effect",vt(0.5,0.5,0.5))
prt.Anchored=true
prt.CFrame=cframe
local msh=mesh("SpecialMesh",prt,"FileMesh","http://www.roblox.com/asset/?id=4770583",vt(0,0,0),vt(x1,y1,z1))
--http://www.roblox.com/asset/?id=4770560
game:GetService("Debris"):AddItem(prt,2)
CF=prt.CFrame
coroutine.resume(coroutine.create(function(Part,Mesh,TehCF) 
for i=0,1,0.2 do
wait()
Part.CFrame=CF*cf(0,0,-0.4)
end
for i=0,1,delay do
wait()
--Part.CFrame=CF*cf((math.random(-1,0)+math.random())/5,(math.random(-1,0)+math.random())/5,(math.random(-1,0)+math.random())/5)
Mesh.Scale=Mesh.Scale
end
for i=0,1,0.1 do
wait()
Part.Transparency=i
end
Part.Parent=nil
end),prt,msh,CF)
end
 
function MagicBlock(brickcolor,cframe,x1,y1,z1,x3,y3,z3,delay)
local prt=part(3,workspace,0,0,brickcolor,"Effect",vt(0.5,0.5,0.5))
prt.Anchored=true
prt.CFrame=cframe
msh=mesh("BlockMesh",prt,"","",vt(0,0,0),vt(x1,y1,z1))
game:GetService("Debris"):AddItem(prt,5)
coroutine.resume(coroutine.create(function(Part,Mesh) 
for i=0,1,delay do
wait()
Part.CFrame=Part.CFrame*euler(math.random(-50,50),math.random(-50,50),math.random(-50,50))
Part.Transparency=i
Mesh.Scale=Mesh.Scale+vt(x3,y3,z3)
end
Part.Parent=nil
end),prt,msh)
end
 
function MagicBlock2(brickcolor,cframe,Parent,x1,y1,z1,x3,y3,z3,delay)
local prt=part(3,workspace,0,0,brickcolor,"Effect",vt(0.5,0.5,0.5))
prt.Anchored=false
prt.CFrame=cframe
msh=mesh("BlockMesh",prt,"","",vt(0,0,0),vt(x1,y1,z1))
local wld=weld(prt,prt,Parent,cframe)
game:GetService("Debris"):AddItem(prt,5)
coroutine.resume(coroutine.create(function(Part,Mesh,Weld) 
for i=0,1,delay do
wait()
Weld.C0=euler(math.random(-50,50),math.random(-50,50),math.random(-50,50))*cframe
--Part.CFrame=Part.CFrame*euler(math.random(-50,50),math.random(-50,50),math.random(-50,50))
Part.Transparency=i
Mesh.Scale=Mesh.Scale+vt(x3,y3,z3)
end
Part.Parent=nil
end),prt,msh,wld)
end
 
function MagicBlock3(brickcolor,cframe,Parent,x1,y1,z1,x3,y3,z3,delay)
local prt=part(3,workspace,0,0,brickcolor,"Effect",vt(0.5,0.5,0.5))
prt.Anchored=false
prt.CFrame=cframe
msh=mesh("BlockMesh",prt,"","",vt(0,0,0),vt(x1,y1,z1))
local wld=weld(prt,prt,Parent,euler(0,0,0)*cf(0,0,0))
game:GetService("Debris"):AddItem(prt,5)
coroutine.resume(coroutine.create(function(Part,Mesh,Weld) 
for i=0,1,delay do
wait()
Weld.C0=euler(i*20,0,0)
--Part.CFrame=Part.CFrame*euler(math.random(-50,50),math.random(-50,50),math.random(-50,50))
Part.Transparency=i
Mesh.Scale=Mesh.Scale+vt(x3,y3,z3)
end
Part.Parent=nil
end),prt,msh,wld)
end
 
function MagicCircle2(brickcolor,cframe,x1,y1,z1,x3,y3,z3,delay)
local prt=part(3,workspace,0,0,brickcolor,"Effect",vt(0.5,0.5,0.5))
prt.Anchored=true
prt.CFrame=cframe
local msh=mesh("CylinderMesh",prt,"","",vt(0,0,0),vt(x1,y1,z1))
game:GetService("Debris"):AddItem(prt,2)
coroutine.resume(coroutine.create(function(Part,Mesh) 
for i=0,1,delay do
wait()
Part.CFrame=Part.CFrame
Mesh.Scale=Mesh.Scale+vt(x3,y3,z3)
local prt2=part(3,workspace,0,0,brickcolor,"Effect",vt(0.5,0.5,0.5))
prt2.Anchored=true
prt2.CFrame=cframe*euler(math.random(-50,50),math.random(-50,50),math.random(-50,50))
local msh2=mesh("SpecialMesh",prt2,"Sphere","",vt(0,0,0),vt(0.5,0.5,0.5))
game:GetService("Debris"):AddItem(prt2,2)
coroutine.resume(coroutine.create(function(Part,Mesh) 
for i=0,1,0.1 do
wait()
Part.CFrame=Part.CFrame*cf(0,0.5,0)
end
Part.Parent=nil
end),prt2,msh2)
end
for i=0,1,delay*2 do
wait()
Part.CFrame=Part.CFrame
Mesh.Scale=vt((x1+x3)-(x1+x3)*i,(y1+y3)-(y1+y3)*i,(z1+z3)-(z1+z3)*i)
end
Part.Parent=nil
end),prt,msh)
end

function MagicCircle(brickcolor,cframe,x1,y1,z1,x3,y3,z3,delay)
local prt=part(3,workspace,0,0,brickcolor,"Effect",vt(0.5,0.5,0.5))
prt.Anchored=true
prt.CFrame=cframe
local msh=mesh("SpecialMesh",prt,"Sphere","",vt(0,0,0),vt(x1,y1,z1))
game:GetService("Debris"):AddItem(prt,2)
coroutine.resume(coroutine.create(function(Part,Mesh) 
for i=0,1,delay do
wait()
Part.CFrame=Part.CFrame
Part.Transparency=i
Mesh.Scale=Mesh.Scale+vt(x3,y3,z3)
end
Part.Parent=nil
end),prt,msh)
end
 
function MagicRing(brickcolor,cframe,x1,y1,z1,x2,y2,z2,x3,y3,z3)
local prt=part(3,workspace,0,0,brickcolor,"Effect",vt(0.5,0.5,0.5))
prt.Anchored=true
prt.CFrame=cframe*euler(x2,y2,z2)
--"http://www.roblox.com/asset/?id=168892465"
local msh=mesh("SpecialMesh",prt,"FileMesh","http://www.roblox.com/asset/?id=3270017",vt(0,0,0),vt(x1,y1,z1))
game:GetService("Debris"):AddItem(prt,2)
coroutine.resume(coroutine.create(function(Part,Mesh) 
for i=0,1,0.03 do
wait()
Part.CFrame=Part.CFrame
Part.Transparency=i
Mesh.Scale=Mesh.Scale+vt(x3,y3,z3)
end
Part.Parent=nil
end),prt,msh)
end
 
function BreakEffect(brickcolor,cframe,x1,y1,z1)
local prt=part(3,workspace,0,0,brickcolor,"Effect",vt(0.5,0.5,0.5))
prt.Anchored=true
prt.CFrame=cframe*euler(math.random(-50,50),math.random(-50,50),math.random(-50,50))
local msh=mesh("SpecialMesh",prt,"Sphere","",vt(0,0,0),vt(x1,y1,z1))
game:GetService("Debris"):AddItem(prt,2)
coroutine.resume(coroutine.create(function(Part,CF,Numbb,randnumb) 
CF=Part.CFrame
Numbb=0
randnumb=math.random()/10
rand1=math.random()/10
for i=0,1,rand1 do
wait()
CF=CF*cf(0,math.random()/2,0)
--Part.CFrame=Part.CFrame*euler(0.5,0,0)*cf(0,1,0)
Part.CFrame=CF*euler(Numbb,0,0)
Part.Transparency=i
Numbb=Numbb+randnumb
end
Part.Parent=nil
end),prt,CF,Numbb,randnumb)
end
 
function MagicWaveThing(brickcolor,cframe,x1,y1,z1,x3,y3,z3,delay)
local prt=part(3,workspace,0,0,brickcolor,"Effect",vt(0.5,0.5,0.5))
prt.Anchored=true
prt.CFrame=cframe
msh=mesh("SpecialMesh",prt,"FileMesh","http://www.roblox.com/asset/?id=1051557",vt(0,0,0),vt(x1,y1,z1))
game:GetService("Debris"):AddItem(prt,5)
coroutine.resume(coroutine.create(function(Part,Mesh) 
for i=0,1,delay do
wait()
Part.CFrame=Part.CFrame*euler(0,0.7,0)
Part.Transparency=i
Mesh.Scale=Mesh.Scale+vt(x3,y3,z3)
end
Part.Parent=nil
end),prt,msh)
end
 
function WaveEffect(brickcolor,cframe,x1,y1,z1,x3,y3,z3,delay)
local prt=part(3,workspace,0,0,brickcolor,"Effect",vt(0.5,0.5,0.5))
prt.Anchored=true
prt.CFrame=cframe
msh=mesh("SpecialMesh",prt,"FileMesh","http://www.roblox.com/asset/?id=20329976",vt(0,0,0),vt(x1,y1,z1))
game:GetService("Debris"):AddItem(prt,2)
coroutine.resume(coroutine.create(function(Part,Mesh) 
for i=0,1,delay do
wait()
Part.CFrame=Part.CFrame*cf(0,y3/2,0)
Part.Transparency=i
Mesh.Scale=Mesh.Scale+vt(x3,y3,z3)
end
Part.Parent=nil
end),prt,msh)
end
 
function StravEffect(brickcolor,cframe,x,y,z,x1,y1,z1,delay)
local prt=part(3,workspace,0,0,brickcolor,"Effect",vt(0.5,0.5,0.5))
prt.Anchored=true
prt.CFrame=cframe*cf(x,y,z)
msh=mesh("SpecialMesh",prt,"FileMesh","rbxassetid://168892363",vt(0,0,0),vt(x1,y1,z1))
game:GetService("Debris"):AddItem(prt,5)
coroutine.resume(coroutine.create(function(Part,Mesh,ex,why,zee) 
local num=math.random()
local num2=math.random(-3,2)+math.random()
local numm=0
for i=0,1,delay*2 do
swait()
Part.CFrame=cframe*euler(0,numm*num*10,0)*cf(ex,why,zee)*cf(-i*10,num2,0)
Part.Transparency=i
numm=numm+0.01
end
Part.Parent=nil
Mesh.Parent=nil
end),prt,msh,x,y,z)
end

Damagefunc=function(hit,minim,maxim,knockback,Type,Property,Delay,KnockbackType,decreaseblock)
        if hit.Parent==nil then
                return
        end
        h=hit.Parent:FindFirstChild("Humanoid")
        for _,v in pairs(hit.Parent:children()) do
        if v:IsA("Humanoid") then
        h=v
        end
        end
        if hit.Parent.Parent:FindFirstChild("Torso")~=nil then
        h=hit.Parent.Parent:FindFirstChild("Humanoid")
        end
        if hit.Parent.className=="Hat" then
        hit=hit.Parent.Parent:findFirstChild("Head")
        end
        if h~=nil and hit.Parent.Name~=Character.Name and hit.Parent:FindFirstChild("Torso")~=nil then
        if hit.Parent:findFirstChild("DebounceHit")~=nil then if hit.Parent.DebounceHit.Value==true then return end end
        --[[                if game.Players:GetPlayerFromCharacter(hit.Parent)~=nil then
                        return
                end]]
--                        hs(hit,1.2) 
                        c=Instance.new("ObjectValue")
                        c.Name="creator"
                        c.Value=game:service("Players").LocalPlayer
                        c.Parent=h
                        game:GetService("Debris"):AddItem(c,.5)
                Damage=math.random(minim,maxim)
--                h:TakeDamage(Damage)
                blocked=false
                block=hit.Parent:findFirstChild("Block")
                if block~=nil then
                print(block.className)
                if block.className=="NumberValue" then
                if block.Value>0 then
                blocked=true
                if decreaseblock==nil then
                block.Value=block.Value-1
                end
                end
                end
                if block.className=="IntValue" then
                if block.Value>0 then
                blocked=true
                if decreaseblock~=nil then
                block.Value=block.Value-1
                end
                end
                end
                end
                if blocked==false then
--                h:TakeDamage(Damage)
                h.Health=h.Health-Damage
                showDamage(hit.Parent,Damage,.5,TorsoColor)
                else
                h.Health=h.Health-(Damage/2)
                showDamage(hit.Parent,Damage/2,.5,BrickColor.new("Bright blue"))
                end
                if Type=="Knockdown" then
                hum=hit.Parent.Humanoid
hum.PlatformStand=true
coroutine.resume(coroutine.create(function(HHumanoid)
swait(1)
HHumanoid.PlatformStand=false
end),hum)
                local angle=(hit.Position-(Property.Position+Vector3.new(0,0,0))).unit
--hit.CFrame=CFrame.new(hit.Position,Vector3.new(angle.x,hit.Position.y,angle.z))*CFrame.fromEulerAnglesXYZ(math.pi/4,0,0)
local bodvol=Instance.new("BodyVelocity")
bodvol.velocity=angle*knockback
bodvol.P=5000
bodvol.maxForce=Vector3.new(8e+003, 8e+003, 8e+003)
bodvol.Parent=hit
rl=Instance.new("BodyAngularVelocity")
rl.P=3000
rl.maxTorque=Vector3.new(500000,500000,500000)*50000000000000
rl.angularvelocity=Vector3.new(math.random(-10,10),math.random(-10,10),math.random(-10,10))
rl.Parent=hit
game:GetService("Debris"):AddItem(bodvol,.5)
game:GetService("Debris"):AddItem(rl,.5)
                elseif Type=="Normal" then
                vp=Instance.new("BodyVelocity")
                vp.P=500
                vp.maxForce=Vector3.new(math.huge,0,math.huge)
--                vp.velocity=Character.Torso.CFrame.lookVector*Knockback
                if KnockbackType==1 then
                vp.velocity=Property.CFrame.lookVector*knockback+Property.Velocity/1.05
                elseif KnockbackType==2 then
                vp.velocity=Property.CFrame.lookVector*knockback
                end
                if knockback>0 then
                        vp.Parent=hit.Parent.Torso
                end
                game:GetService("Debris"):AddItem(vp,.5)
                elseif Type=="Up" then
                local bodyVelocity=Instance.new("BodyVelocity")
                bodyVelocity.velocity=vt(0,10,0)
                bodyVelocity.P=1000
                bodyVelocity.maxForce=Vector3.new(1e+009, 1e+009, 1e+009)
                bodyVelocity.Parent=hit
                game:GetService("Debris"):AddItem(bodyVelocity,1)
                rl=Instance.new("BodyAngularVelocity")
                rl.P=3000
                rl.maxTorque=Vector3.new(500000,500000,500000)*50000000000000
                rl.angularvelocity=Vector3.new(math.random(-20,20),math.random(-20,20),math.random(-20,20))
                rl.Parent=hit
                game:GetService("Debris"):AddItem(rl,.5)
                elseif Type=="Snare" then
                bp=Instance.new("BodyPosition")
                bp.P=2000
                bp.D=100
                bp.maxForce=Vector3.new(math.huge,math.huge,math.huge)
                bp.position=hit.Parent.Torso.Position
                bp.Parent=hit.Parent.Torso
                game:GetService("Debris"):AddItem(bp,1)
                elseif Type=="Target" then
                if Targetting==false then
                ZTarget=hit.Parent.Torso
                coroutine.resume(coroutine.create(function(Part) 
                so("http://www.roblox.com/asset/?id=15666462",Part,1,1.5) 
                swait(5)
                so("http://www.roblox.com/asset/?id=15666462",Part,1,1.5) 
                end),ZTarget)
                TargHum=ZTarget.Parent:findFirstChild("Humanoid")
                targetgui=Instance.new("BillboardGui")
                targetgui.Parent=ZTarget
                targetgui.Size=UDim2.new(10,100,10,100)
                targ=Instance.new("ImageLabel")
                targ.Parent=targetgui
                targ.BackgroundTransparency=1
                targ.Image="rbxassetid://4834067"
                targ.Size=UDim2.new(1,0,1,0)
                cam.CameraType="Scriptable"
                cam.CoordinateFrame=CFrame.new(Head.CFrame.p,ZTarget.Position)
                dir=Vector3.new(cam.CoordinateFrame.lookVector.x,0,cam.CoordinateFrame.lookVector.z)
                workspace.CurrentCamera.CoordinateFrame=CFrame.new(Head.CFrame.p,ZTarget.Position)
                Targetting=true
                RocketTarget=ZTarget
                for i=1,Property do
                --while Targetting==true and Humanoid.Health>0 and Character.Parent~=nil do
                if Humanoid.Health>0 and Character.Parent~=nil and TargHum.Health>0 and TargHum.Parent~=nil and Targetting==true then
                swait()
                end
                --workspace.CurrentCamera.CoordinateFrame=CFrame.new(Head.CFrame.p,Head.CFrame.p+rmdir*100)
                cam.CoordinateFrame=CFrame.new(Head.CFrame.p,ZTarget.Position)
                dir=Vector3.new(cam.CoordinateFrame.lookVector.x,0,cam.CoordinateFrame.lookVector.z)
                cam.CoordinateFrame=CFrame.new(Head.CFrame.p,ZTarget.Position)*cf(0,5,10)*euler(-0.3,0,0)
                end
                Targetting=false
                RocketTarget=nil
                targetgui.Parent=nil
                cam.CameraType="Custom"
                end
                end
                        debounce=Instance.new("BoolValue")
                        debounce.Name="DebounceHit"
                        debounce.Parent=hit.Parent
                        debounce.Value=true
                        game:GetService("Debris"):AddItem(debounce,Delay)
                        c=Instance.new("ObjectValue")
                        c.Name="creator"
                        c.Value=Player
                        c.Parent=h
                        game:GetService("Debris"):AddItem(c,.5)
                CRIT=false
                hitDeb=true
                AttackPos=6
        end
end
 
showDamage=function(Char,Dealt,du,Color)
        m=Instance.new("Model")
        m.Name=tostring(Dealt)
        h=Instance.new("Humanoid")
        h.Health=0
        h.MaxHealth=0
        h.Parent=m
        c=Instance.new("Part")
        c.Transparency=0
        c.BrickColor=TorsoColor
        c.Name="Head"
        c.TopSurface=0
        c.BottomSurface=0
        c.formFactor="Plate"
        c.Size=Vector3.new(1,.4,1)
        ms=Instance.new("CylinderMesh")
        ms.Scale=Vector3.new(.8,.8,.8)
        so("http://www.roblox.com/asset/?id=199149269",c,1,1) 
        if CRIT==true then
                ms.Scale=Vector3.new(1,1.25,1)
        end
        ms.Parent=c
        c.Reflectance=0
        Instance.new("BodyGyro").Parent=c
        c.Parent=m
        if Char:findFirstChild("Head")~=nil then
        c.CFrame=CFrame.new(Char["Head"].CFrame.p+Vector3.new(0,1.5,0))
        elseif Char.Parent:findFirstChild("Head")~=nil then
        c.CFrame=CFrame.new(Char.Parent["Head"].CFrame.p+Vector3.new(0,1.5,0))
        end
        f=Instance.new("BodyPosition")
        f.P=2000
        f.D=100
        f.maxForce=Vector3.new(math.huge,math.huge,math.huge)
        f.position=c.Position+Vector3.new(0,3,0)
        f.Parent=c
        game:GetService("Debris"):AddItem(m,.5+du)
        c.CanCollide=false
        m.Parent=workspace
        c.CanCollide=false
end

    Player=game:GetService('Players').LocalPlayer
    Character=Player.Character
    Mouse=Player:GetMouse()
    m=Instance.new('Model',Character)


    local function weldBetween(a, b)
        local weldd = Instance.new("ManualWeld")
        weldd.Part0 = a
        weldd.Part1 = b
        weldd.C0 = CFrame.new()
        weldd.C1 = b.CFrame:inverse() * a.CFrame
        weldd.Parent = a
        return weldd
    end
    
    it=Instance.new
    
    function nooutline(part)
        part.TopSurface,part.BottomSurface,part.LeftSurface,part.RightSurface,part.FrontSurface,part.BackSurface = 10,10,10,10,10,10
    end
    
    function part(formfactor,parent,material,reflectance,transparency,brickcolor,name,size)
        local fp=it("Part")
        fp.formFactor=formfactor
        fp.Parent=parent
        fp.Reflectance=reflectance
        fp.Transparency=transparency
        fp.CanCollide=false
        fp.Locked=true
        fp.BrickColor=BrickColor.new(tostring(brickcolor))
        fp.Name=name
        fp.Size=size
        fp.Position=Character.Torso.Position
        nooutline(fp)
        fp.Material=material
        fp:BreakJoints()
        return fp
    end
    
    function mesh(Mesh,part,meshtype,meshid,offset,scale)
        local mesh=it(Mesh)
        mesh.Parent=part
        if Mesh=="SpecialMesh" then
            mesh.MeshType=meshtype
            mesh.MeshId=meshid
        end
        mesh.Offset=offset
        mesh.Scale=scale
        return mesh
    end
    
    function weld(parent,part0,part1,c0,c1)
        local weld=it("Weld")
        weld.Parent=parent
        weld.Part0=part0
        weld.Part1=part1
        weld.C0=c0
        weld.C1=c1
        return weld
    end

local modelzorz=Instance.new("Model") 
modelzorz.Parent=Character 
modelzorz.Name="Claw1"

Handle=part(Enum.FormFactor.Custom,m,Enum.Material.Neon,0,0,TorsoColor,"Handle",Vector3.new(1.20000005, 1.20000005, 1))
Handleweld=weld(m,Character["Torso"],Handle,CFrame.new(0, 0, 0, 1, 0, 0, 0, 1, 0, 0, 0, 1),CFrame.new(-6.74455023, 0.843135834, 3.31332064, 0.866820872, 0.000393055088, -0.498619556, 0.129048944, -0.966104209, 0.223582461, -0.481630623, -0.258152217, -0.837489963))
mesh("SpecialMesh",Handle,Enum.MeshType.Sphere,"",Vector3.new(0, 0, 0),Vector3.new(1, 1, 1))
Part=part(Enum.FormFactor.Custom,m,Enum.Material.SmoothPlastic,0,0,"Really black","Part",Vector3.new(2.20000005, 1, 1))
Partweld=weld(m,Handle,Part,CFrame.new(0, 0, 0, 1, 0, 0, 0, 1, 0, 0, 0, 1),CFrame.new(3.89693689, 0.0205960274, 1.83752108, 0.00084605813, 0.865680099, -0.500597, -0.999998748, 2.925843e-005, -0.00163948536, -0.00140464306, 0.500597715, 0.865678906))
Part=part(Enum.FormFactor.Custom,m,Enum.Material.SmoothPlastic,0,0,TorsoColor,"Part",Vector3.new(1, 0.400000006, 1))
Partweld=weld(m,Handle,Part,CFrame.new(0, 0, 0, 1, 0, 0, 0, 1, 0, 0, 0, 1),CFrame.new(0.0205993652, 3.97038841, -4.62090921, -0.999998689, 2.810359e-005, -0.00163501501, 0.00158691406, 0.25815019, -0.966103554, 0.0003949448, -0.966104805, -0.258149862))
mesh("SpecialMesh",Part,Enum.MeshType.FileMesh,"http://www.roblox.com/Asset/?id=9756362",Vector3.new(0, 0, 0),Vector3.new(1, 2.92400002, 1.18400002))
Part=part(Enum.FormFactor.Custom,m,Enum.Material.SmoothPlastic,0,0,"Really black","Part",Vector3.new(2.20000005, 1, 1))
Partweld=weld(m,Handle,Part,CFrame.new(0, 0, 0, 1, 0, 0, 0, 1, 0, 0, 0, 1),CFrame.new(3.18639517, -0.292996764, 3.91572571, -0.407002717, 0.123095758, -0.905094743, -0.483149111, -0.869928718, 0.098949343, -0.775187671, 0.477568328, 0.413536996))
Part=part(Enum.FormFactor.Custom,m,Enum.Material.SmoothPlastic,0,0,"Really black","Part",Vector3.new(2.20000005, 1, 1))
Partweld=weld(m,Handle,Part,CFrame.new(0, 0, 0, 1, 0, 0, 0, 1, 0, 0, 0, 1),CFrame.new(3.62196398, -0.29297936, 1.11572647, -0.835932732, 0.424737811, -0.347583354, -0.483153641, -0.869926155, 0.0989501327, -0.260344028, 0.250651836, 0.932413459))
Part=part(Enum.FormFactor.Custom,m,Enum.Material.SmoothPlastic,0,0,"Really black","Part",Vector3.new(2.20000005, 1, 1))
Partweld=weld(m,Handle,Part,CFrame.new(0, 0, 0, 1, 0, 0, 0, 1, 0, 0, 0, 1),CFrame.new(3.55920649, -0.210347176, 1.642519, -0.865201712, -0.000320911407, -0.501423895, -2.98991799e-005, -0.999999881, 0.000691637397, -0.501424074, 0.000613339245, 0.865201592))
Part=part(Enum.FormFactor.Custom,m,Enum.Material.SmoothPlastic,0,0,"Really black","Part",Vector3.new(2.20000005, 1, 1))
Partweld=weld(m,Handle,Part,CFrame.new(0, 0, 0, 1, 0, 0, 0, 1, 0, 0, 0, 1),CFrame.new(2.931638, -0.0751047134, 4.50077248, -0.352038473, 0.176153034, -0.919260144, -0.86644727, -0.432817101, 0.248874903, -0.354031444, 0.884103954, 0.304995537))
Part=part(Enum.FormFactor.Custom,m,Enum.Material.SmoothPlastic,0,0,"Really black","Part",Vector3.new(2.20000005, 1, 1))
Partweld=weld(m,Handle,Part,CFrame.new(0, 0, 0, 1, 0, 0, 0, 1, 0, 0, 0, 1),CFrame.new(3.34771347, -0.763819337, 1.31078529, 0.484322906, -0.259408951, -0.835546851, 0.129806682, 0.965767562, -0.224595979, 0.865206063, 0.000317394733, 0.501416266))
Part=part(Enum.FormFactor.Custom,m,Enum.Material.SmoothPlastic,0,0,"Really black","Part",Vector3.new(2.20000005, 1, 1))
Partweld=weld(m,Handle,Part,CFrame.new(0, 0, 0, 1, 0, 0, 0, 1, 0, 0, 0, 1),CFrame.new(3.85524988, -0.0749192238, 1.7092638, -0.499263257, 0.749717236, -0.434350491, -0.866449237, -0.432811975, 0.248876765, -0.00140497088, 0.500597596, 0.865678906))
Part=part(Enum.FormFactor.Custom,m,Enum.Material.SmoothPlastic,0,0,"Really black","Part",Vector3.new(2.20000005, 1, 1))
Partweld=weld(m,Handle,Part,CFrame.new(0, 0, 0, 1, 0, 0, 0, 1, 0, 0, 0, 1),CFrame.new(2.76954031, -0.210381031, 4.2438035, -0.257231236, -0.00066010654, -0.966349661, -3.04505229e-005, -0.999999762, 0.000691249967, -0.966350019, 0.000207226723, 0.257231265))
Part=part(Enum.FormFactor.Custom,m,Enum.Material.SmoothPlastic,0,0,"Really black","Part",Vector3.new(2.20000005, 1, 1))
Partweld=weld(m,Handle,Part,CFrame.new(0, 0, 0, 1, 0, 0, 0, 1, 0, 0, 0, 1),CFrame.new(2.87043977, 0.020611763, 4.62094831, 0.00159165263, 0.258152187, -0.966103137, -0.999998748, 2.89455056e-005, -0.00163969398, -0.000395349402, 0.966104329, 0.258151829))
Part=part(Enum.FormFactor.Custom,m,Enum.Material.SmoothPlastic,0,0,TorsoColor,"Part",Vector3.new(1, 0.400000006, 1))
Partweld=weld(m,Handle,Part,CFrame.new(0, 0, 0, 1, 0, 0, 0, 1, 0, 0, 0, 1),CFrame.new(-0.292981744, 4.28636312, -3.9157095, -0.48314926, -0.869928479, 0.0989517197, -0.407004297, 0.123094313, -0.905094087, 0.775186777, -0.477569282, -0.413537562))
mesh("SpecialMesh",Part,Enum.MeshType.FileMesh,"http://www.roblox.com/Asset/?id=9756362",Vector3.new(0, 0, 0),Vector3.new(1, 2.92400002, 1.18400002))
Part=part(Enum.FormFactor.Custom,m,Enum.Material.SmoothPlastic,0,0,"Really black","Part",Vector3.new(2.20000005, 1, 1))
Partweld=weld(m,Handle,Part,CFrame.new(0, 0, 0, 1, 0, 0, 0, 1, 0, 0, 0, 1),CFrame.new(2.85442352, -0.763632059, 3.85966015, -0.269319534, -0.183654502, -0.945377231, 0.129806384, 0.96576786, -0.22459501, 0.954262853, -0.183203816, -0.236260682))
Part=part(Enum.FormFactor.Custom,m,Enum.Material.SmoothPlastic,0,0,TorsoColor,"Part",Vector3.new(1, 0.400000006, 1))
Partweld=weld(m,Handle,Part,CFrame.new(0, 0, 0, 1, 0, 0, 0, 1, 0, 0, 0, 1),CFrame.new(-0.0751276016, 4.03159618, -4.50067854, -0.866445661, -0.432817698, 0.248879611, -0.352042913, 0.176151246, -0.919258773, 0.354030937, -0.884103894, -0.304995805))
mesh("SpecialMesh",Part,Enum.MeshType.FileMesh,"http://www.roblox.com/Asset/?id=9756362",Vector3.new(0, 0, 0),Vector3.new(1, 2.92400002, 1.18400002))
Gear=part(Enum.FormFactor.Custom,m,Enum.Material.SmoothPlastic,0,0,"Really black","Part",Vector3.new(4.29999971, 4.30000019, 1))
Gearweld=weld(m,Handle,Gear,CFrame.new(0, 0, 0, 1, 0, 0, 0, 1, 0, 0, 0, 1),CFrame.new(-0.0552597046, -0.0398271084, -0.0363032818, 0.999988854, -3.23429704e-005, 0.00164097548, 3.37436795e-005, 0.999994695, -0.000689953566, -0.00164103508, 0.000689953566, 0.999993086))
mesh("SpecialMesh",Gear,Enum.MeshType.FileMesh,"http://www.roblox.com/asset?id=156292343",Vector3.new(0, 0, 0),Vector3.new(5, 5, 15))
Part=part(Enum.FormFactor.Custom,m,Enum.Material.SmoothPlastic,0,0,TorsoColor,"Part",Vector3.new(1, 0.400000006, 1))
Partweld=weld(m,Handle,Part,CFrame.new(0, 0, 0, 1, 0, 0, 0, 1, 0, 0, 0, 1),CFrame.new(-0.210398674, 3.86948943, -4.24380398, -3.15159559e-005, -0.999999881, 0.00069090724, -0.257231474, -0.000659480691, -0.966349721, 0.966349959, -0.000208158046, -0.257231474))
mesh("SpecialMesh",Part,Enum.MeshType.FileMesh,"http://www.roblox.com/Asset/?id=9756362",Vector3.new(0, 0, 0),Vector3.new(1, 2.92400002, 1.18400002))
Part=part(Enum.FormFactor.Custom,m,Enum.Material.SmoothPlastic,0,0,TorsoColor,"Part",Vector3.new(1, 0.400000006, 1))
Partweld=weld(m,Handle,Part,CFrame.new(0, 0, 0, 1, 0, 0, 0, 1, 0, 0, 0, 1),CFrame.new(0.763661504, 3.95439076, 3.85964441, -0.129806131, -0.965767682, 0.224596098, -0.269319892, -0.1836555, -0.945376873, 0.954262733, -0.183203891, -0.236260891))
mesh("SpecialMesh",Part,Enum.MeshType.FileMesh,"http://www.roblox.com/Asset/?id=9756362",Vector3.new(0, 0, 0),Vector3.new(1, 2.92400002, 1.18400002))

local modelzorz2=Instance.new("Model") 
modelzorz2.Parent=Character 
modelzorz2.Name="Claw2"

Handle2=part(Enum.FormFactor.Custom,m,Enum.Material.Neon,0,0,TorsoColor,"Handle",Vector3.new(1.20000005, 1.20000005, 1))
Handle2weld=weld(m,Character["Torso"],Handle2,CFrame.new(0, 0, 0, 1, 0, 0, 0, 1, 0, 0, 0, 1),CFrame.new(6.65693045, 1.66835713, 2.9684639, 0.866025746, 0.129405379, 0.482963592, -3.67555799e-006, -0.965926409, 0.258817136, 0.499999553, -0.224144042, -0.836516559))
mesh("SpecialMesh",Handle2,Enum.MeshType.Sphere,"",Vector3.new(0, 0, 0),Vector3.new(1, 1, 1))
Part=part(Enum.FormFactor.Custom,m,Enum.Material.SmoothPlastic,0,0,"Really black","Part",Vector3.new(2.20000005, 1, 1))
Partweld=weld(m,Handle2,Part,CFrame.new(0, 0, 0, 1, 0, 0, 0, 1, 0, 0, 0, 1),CFrame.new(3.66774845, 0.445008755, 1.50737095, 0.749997497, 0.500002265, -0.433014721, -0.433012635, 0.866024196, 0.250004709, 0.500004232, -2.02655792e-006, 0.866023183))
Part=part(Enum.FormFactor.Custom,m,Enum.Material.SmoothPlastic,0,0,"Really black","Part",Vector3.new(2.20000005, 1, 1))
Partweld=weld(m,Handle2,Part,CFrame.new(0, 0, 0, 1, 0, 0, 0, 1, 0, 0, 0, 1),CFrame.new(3.70916891, 0.288796425, 1.12511444, 0.424947768, 0.836517453, -0.34591651, -0.870010257, 0.482961774, 0.0991482884, 0.250003695, 0.25881803, 0.933012009))
Part=part(Enum.FormFactor.Custom,m,Enum.Material.SmoothPlastic,0,0,"Really black","Part",Vector3.new(2.20000005, 1, 1))
Partweld=weld(m,Handle2,Part,CFrame.new(0, 0, 0, 1, 0, 0, 0, 1, 0, 0, 0, 1),CFrame.new(3.24143982, 0.288818121, 3.98402214, 0.123706907, 0.408494055, -0.904339194, -0.870007515, 0.482966691, 0.0991476029, 0.477266878, 0.774516642, 0.415139139))
Part=part(Enum.FormFactor.Custom,m,Enum.Material.SmoothPlastic,0,0,TorsoColor,"Part",Vector3.new(1, 0.400000006, 1))
Partweld=weld(m,Handle2,Part,CFrame.new(0, 0, 0, 1, 0, 0, 0, 1, 0, 0, 0, 1),CFrame.new(0.288883209, 4.34139919, -3.98407936, -0.870006502, 0.482969046, 0.099145025, 0.123710275, 0.408492953, -0.904339135, -0.477267861, -0.774515808, -0.415139765))
mesh("SpecialMesh",Part,Enum.MeshType.FileMesh,"http://www.roblox.com/Asset/?id=9756362",Vector3.new(0, 0, 0),Vector3.new(1, 2.92400002, 1.18400002))
Part=part(Enum.FormFactor.Custom,m,Enum.Material.SmoothPlastic,0,0,TorsoColor,"Part",Vector3.new(1, 0.400000006, 1))
Partweld=weld(m,Handle2,Part,CFrame.new(0, 0, 0, 1, 0, 0, 0, 1, 0, 0, 0, 1),CFrame.new(0.377311707, 3.81443644, -4.17874861, 1.43051147e-006, 1.00000012, 5.58793545e-006, 0.258813858, 5.02169132e-006, -0.965927303, -0.965927362, 2.82377005e-006, -0.258813858))
mesh("SpecialMesh",Part,Enum.MeshType.FileMesh,"http://www.roblox.com/Asset/?id=9756362",Vector3.new(0, 0, 0),Vector3.new(1, 2.92400002, 1.18400002))
Part=part(Enum.FormFactor.Custom,m,Enum.Material.SmoothPlastic,0,0,"Really black","Part",Vector3.new(2.20000005, 1, 1))
Partweld=weld(m,Handle2,Part,CFrame.new(0, 0, 0, 1, 0, 0, 0, 1, 0, 0, 0, 1),CFrame.new(3.11095357, 0.452475548, 3.33581829, 0.214266971, -0.258726388, -0.941886604, 0.124996454, -0.949091196, 0.289140463, -0.968744338, -0.179685742, -0.171018958))
Part=part(Enum.FormFactor.Custom,m,Enum.Material.SmoothPlastic,0,0,TorsoColor,"Part",Vector3.new(1, 0.400000006, 1))
Partweld=weld(m,Handle2,Part,CFrame.new(0, 0, 0, 1, 0, 0, 0, 1, 0, 0, 0, 1),CFrame.new(0.445028067, 4.04179811, -4.22505188, -0.433007121, 0.86602807, 0.250001073, 0.176776409, 0.353552371, -0.918559194, -0.883886516, -0.353548348, -0.306183964))
mesh("SpecialMesh",Part,Enum.MeshType.FileMesh,"http://www.roblox.com/Asset/?id=9756362",Vector3.new(0, 0, 0),Vector3.new(1, 2.92400002, 1.18400002))
Part=part(Enum.FormFactor.Custom,m,Enum.Material.SmoothPlastic,0,0,"Really black","Part",Vector3.new(2.20000005, 1, 1))
Partweld=weld(m,Handle2,Part,CFrame.new(0, 0, 0, 1, 0, 0, 0, 1, 0, 0, 0, 1),CFrame.new(2.71447492, 0.377288342, 4.1787672, 0.258815825, 7.89761543e-007, -0.965926647, 2.11596489e-006, 1.00000012, 1.35600567e-006, 0.965926886, -2.41398811e-006, 0.258815885))
Part=part(Enum.FormFactor.Custom,m,Enum.Material.SmoothPlastic,0,0,TorsoColor,"Part",Vector3.new(1, 0.400000006, 1))
Partweld=weld(m,Handle2,Part,CFrame.new(0, 0, 0, 1, 0, 0, 0, 1, 0, 0, 0, 1),CFrame.new(-0.452456236, 4.21090841, 3.33576679, -0.124996543, 0.949091196, -0.289140046, 0.214267105, -0.25872606, -0.941886783, -0.968744338, -0.179685771, -0.171019137))
mesh("SpecialMesh",Part,Enum.MeshType.FileMesh,"http://www.roblox.com/Asset/?id=9756362",Vector3.new(0, 0, 0),Vector3.new(1, 2.92400002, 1.18400002))
Part=part(Enum.FormFactor.Custom,m,Enum.Material.SmoothPlastic,0,0,"Really black","Part",Vector3.new(2.20000005, 1, 1))
Partweld=weld(m,Handle2,Part,CFrame.new(0, 0, 0, 1, 0, 0, 0, 1, 0, 0, 0, 1),CFrame.new(2.94182658, 0.445016861, 4.22507095, 0.176774979, 0.353554398, -0.918558657, -0.433007926, 0.866026998, 0.250003278, 0.883886337, 0.353548825, 0.306183696))
Part=part(Enum.FormFactor.Custom,m,Enum.Material.SmoothPlastic,0,0,TorsoColor,"Part",Vector3.new(1, 0.400000006, 1))
Partweld=weld(m,Handle2,Part,CFrame.new(0, 0, 0, 1, 0, 0, 0, 1, 0, 0, 0, 1),CFrame.new(0.256506443, 3.92671657, -4.59811449, -1.00000024, 2.62260437e-006, 1.4603138e-006, -7.4505806e-007, 0.258819073, -0.965925872, -2.89268792e-006, -0.965925932, -0.258819073))
mesh("SpecialMesh",Part,Enum.MeshType.FileMesh,"http://www.roblox.com/Asset/?id=9756362",Vector3.new(0, 0, 0),Vector3.new(1, 2.92400002, 1.18400002))
Part=part(Enum.FormFactor.Custom,m,Enum.Material.SmoothPlastic,0,0,"Really black","Part",Vector3.new(2.20000005, 1, 1))
